0 4
3 1
8 2
11 2
13 6
17 7
18 3
23 7
28 3
32 1
33 11
56 6
60 1
64 2
67 2
71 7
77 1
82 4
90 18
99 1
102 1
105 4
110 2
112 8
113 1
117 6
119 1
129 3
140 6
144 7
150 9
157 1
161 7
173 18
174 8
178 5
183 4
190 6
192 8
194 1
202 3
204 1
211 1
218 1
222 1
224 10
232 3
234 2
238 6
242 23
243 3
244 21
246 8
247 1
254 2
261 2
267 8
285 2
291 3
292 2
300 3
309 3
311 7
319 3
320 1
322 1
328 2
342 4
345 4
353 3
354 4
357 6
359 6
360 5
361 1
370 2
371 1
376 2
390 3
395 2
397 1
400 1
401 7
403 4
405 2
407 1
424 10
428 1
432 2
433 1
436 4
437 4
442 1
443 3
446 3
447 12
449 4
452 4
461 5
464 5
475 3
476 9
477 6
479 7
480 2
481 15
482 2
483 6
484 4
501 6
509 5
510 4
516 11
520 1
521 9
522 11
534 10
536 13
540 1
547 2
549 4
559 3
561 5
564 3
569 5
574 5
579 1
585 6
589 6
590 2
594 8
602 8
606 1
610 5
617 6
618 8
624 2
626 4
628 3
629 1
645 10
652 1
664 2
667 1
669 5
671 3
674 5
677 1
686 5
690 1
694 1
698 16
701 4
703 2
707 1
711 3
712 1
714 5
723 3
726 3
729 1
732 2
735 8
736 5
739 5
748 14
751 2
752 5
760 1
762 7
763 4
773 2
781 3
782 1
784 3
787 14
794 3
795 5
797 15
804 1
811 9
815 6
819 1
820 4
822 21
825 6
827 5
830 1
834 19
839 3
841 4
847 5
849 3
856 1
858 3
859 1
861 1
866 5
869 14
873 4
875 5
881 7
884 4
892 2
896 1
913 1
914 1
915 1
918 9
930 3
934 2
935 2
937 5
939 4
948 5
950 2
952 6
954 9
960 2
967 6
972 5
981 4
982 4
987 1
991 12
992 2
994 2
999 2
1002 2
1005 1
1012 4
1013 11
1014 13
1017 7
1023 1
1025 17
1029 10
1033 1
1034 2
1036 4
1045 15
1048 2
1052 3
1054 1
1055 1
1058 5
1063 7
1070 2
1074 4
1076 5
1083 5
1084 3
1090 2
1092 2
1094 1
1097 4
1100 3
1101 3
1102 2
1103 2
1104 15
1105 6
1113 2
1116 11
1119 2
1130 3
1133 1
1134 6
1143 1
1148 5
1154 5
1155 4
1157 6
1161 18
1164 17
1165 2
1169 1
1171 5
1179 1
1183 8
1186 2
1189 3
1192 1
1198 1
1215 7
1216 1
1224 7
1234 5
1236 9
1239 7
1241 1
1242 4
1246 5
1251 7
1254 1
1259 3
1260 6
1262 17
1263 10
1267 4
1268 1
1273 22
1276 2
1283 6
1285 5
1291 22
1296 2
1298 9
1313 22
1314 3
1316 1
1317 4
1322 7
1324 1
1328 8
1333 3
1337 14
1338 3
1342 1
1352 2
1353 1
1354 2
1359 1
1362 12
1373 4
1379 4
1384 3
1397 1
1398 5
1400 1
1401 19
1404 2
1405 2
1410 17
1414 6
1418 5
1421 5
1423 6
1424 6
1434 30
1436 10
1437 1
1446 6
1451 3
1453 5
1457 1
1466 1
1470 1
1471 5
1477 2
1478 2
1479 4
1481 1
1484 1
1486 17
1488 1
1492 3
1493 5
1502 5
1507 1
1508 3
1510 1
1514 9
1520 2
1523 1
1524 2
1528 1
1530 5
1531 1
1533 17
1537 5
1540 3
1541 8
1543 5
1544 7
1549 4
1552 3
1554 4
1558 2
1564 6
1568 5
1576 2
1581 1
1586 17
1589 3
1591 8
1597 5
1600 3
1602 9
1603 2
1605 5
1612 3
1618 2
1622 12
1629 2
1631 1
1637 2
1640 1
1642 11
1646 2
1647 3
1649 2
1652 2
1656 6
1657 18
1660 1
1662 18
1663 4
1666 6
1671 6
1676 2
1679 1
1683 1
1686 2
1688 9
1691 2
1692 9
1693 5
1709 2
1711 5
1713 9
1715 1
1718 1
1727 5
1729 3
1730 1
1737 8
1740 1
1749 2
1752 1
1753 10
1769 1
1775 6
1779 1
1785 2
1787 2
1800 8
1803 1
1805 3
1807 2
1810 5
1811 4
1816 3
1827 8
1831 2
1841 2
1844 2
1846 3
1852 6
1854 3
1871 2
1872 5
1877 7
1882 7
1889 2
1892 9
1893 7
1894 1
1897 3
1900 2
1906 4
1907 4
1908 2
1909 5
1913 5
1914 2
1919 3
1920 3
1921 5
1922 9
1924 7
1929 4
1933 8
1936 1
1941 4
1943 3
1947 13
1949 1
1950 5
1951 3
1957 16
1958 2
1980 1
1982 4
1983 31
1988 14
1989 1
1991 1
1993 3
2001 4
2009 4
2014 1
2016 1
2023 9
2027 2
2033 1
2035 3
2041 3
2043 2
2055 1
2056 2
2060 17
2063 3
2068 7
2069 17
2075 4
2076 1
2077 3
2079 8
2086 3
2096 2
2106 7
2116 22
2117 5
2123 3
2125 18
2135 12
2151 1
2153 1
2161 3
2164 7
2172 4
2174 6
2176 14
2179 1
2180 7
2182 3
2183 1
2184 6
2192 3
2194 26
2199 1
2202 5
2203 1
2205 6
2206 1
2211 1
2219 4
2225 5
2226 3
2244 5
2254 1
2255 1
2256 1
2257 2
2262 8
2269 5
2274 2
2278 1
2282 5
2284 4
2286 1
2289 1
2292 1
2294 13
2297 9
2306 2
2310 5
2317 9
2318 3
2320 5
2322 11
2323 8
2326 2
2330 2
2333 1
2336 6
2339 7
2342 2
2348 1
2351 7
2352 1
2358 2
2360 5
2363 5
2375 3
2376 3
2377 1
2381 11
2385 3
2390 12
2394 1
2398 6
2400 3
2412 5
2416 1
2417 4
2421 4
2428 7
2430 7
2432 1
2435 4
2436 6
2440 4
2443 8
2448 9
2453 2
2455 7
2461 3
2462 22
2465 2
2467 4
2469 1
2470 6
2471 3
2477 1
2479 2
2481 3
2483 2
2486 1
2492 5
2500 7
2506 1
2507 1
2508 2
2523 10
2527 4
2531 4
2532 2
2535 2
2540 7
2541 3
2546 10
2551 2
2556 19
2557 7
2558 1
2560 1
2577 2
2589 3
2592 1
2594 6
2598 5
2606 1
2609 2
2613 2
2616 7
2623 3
2626 4
2628 2
2630 1
2631 7
2635 8
2636 2
2638 8
2640 3
2642 5
2643 4
2644 5
2645 3
2663 2
2669 9
2671 1
2677 11
2679 1
2680 1
2681 1
2692 2
2699 1
2700 6
2702 3
2703 4
2708 3
2714 4
2722 2
2723 9
2735 14
2736 1
2743 5
2748 2
2751 4
2752 1
2756 3
2758 1
2763 10
2770 11
2775 2
2778 8
2783 11
2784 1
2790 6
2792 1
2801 5
2805 4
2808 9
2809 6
2813 3
2817 3
2818 18
2820 3
2832 1
2833 5
2844 10
2846 2
2848 9
2854 3
2860 2
2865 1
2868 5
2870 12
2872 4
2876 8
2878 6
2880 6
2886 10
2887 4
2890 11
2895 7
2911 1
2912 1
2913 1
2936 1
2938 2
2941 1
2943 4
2961 6
2962 4
2963 2
2965 6
2969 7
2977 4
2979 4
2980 3
2986 2
2995 2
3000 8
3002 2
3011 1
3012 3
3020 3
3026 1
3034 21
3038 32
3041 6
3042 6
3052 19
3056 5
3059 8
3060 5
3064 1
3065 3
3066 1
3069 6
3076 3
3077 2
3084 8
3085 1
3091 1
3097 6
3098 4
3111 6
3112 5
3119 3
3121 3
3131 8
3132 1
3139 4
3145 2
3148 16
3149 3
3157 8
3161 1
3165 3
3166 3
3167 11
3173 4
3177 1
3180 5
3190 2
3191 3
3195 5
3200 3
3202 8
3204 2
3209 2
3213 7
3217 2
3219 1
3234 8
3239 5
3241 6
3246 3
3248 2
3252 5
3261 2
3265 1
3266 4
3267 7
3273 4
3277 6
3280 2
3281 2
3284 4
3293 4
3295 1
3296 3
3303 18
3308 2
3310 1
3325 5
3329 1
3330 1
3333 1
3335 8
3337 20
3338 2
3341 7
3352 4
3360 1
3362 3
3365 2
3367 1
3370 2
3375 6
3378 1
3379 2
3384 3
3387 2
3390 6
3392 5
3395 2
3396 11
3401 5
3402 1
3405 3
3406 1
3410 8
3414 5
3415 4
3425 2
3428 6
3431 10
3433 1
3434 2
3437 12
3442 7
3445 9
3447 3
3451 4
3455 10
3456 2
3459 4
3460 17
3462 1
3465 1
3466 11
3472 2
3474 8
3479 5
3482 13
3486 5
3487 3
3488 9
3498 2
3500 4
3503 1
3504 3
3511 8
3517 4
3519 11
3520 1
3523 12
3526 7
3535 2
3537 3
3550 4
3551 3
3554 3
3555 3
3556 8
3560 10
3562 2
3563 1
3578 2
3579 3
3585 2
3587 6
3590 8
3595 1
3597 10
3604 2
3615 1
3625 2
3631 11
3635 8
3642 3
3644 1
3645 16
3648 3
3649 3
3652 1
3653 14
3659 1
3661 4
3667 5
3674 3
3677 1
3680 3
3685 1
3691 7
3693 6
3694 1
3695 4
3699 7
3703 1
3705 1
3712 4
3719 3
3720 4
3722 3
3724 1
3729 4
3732 8
3733 2
3740 1
3749 5
3750 2
3753 1
3758 5
3764 4
3766 2
3770 4
3775 3
3788 5
3791 2
3795 2
3797 7
3803 2
3806 8
3808 2
3812 16
3814 5
3819 1
3835 2
3836 3
3837 9
3838 3
3840 3
3842 1
3844 6
3850 6
3853 5
3854 1
3855 2
3862 14
3867 3
3868 7
3869 3
3881 6
3885 3
3888 3
3892 5
3894 13
3901 16
3902 6
3905 2
3906 4
3907 5
3908 5
3910 15
3911 7
3920 15
3922 5
3924 10
3931 14
3934 4
3935 1
3937 3
3939 4
3943 10
3945 6
3946 2
3954 1
3955 3
3957 19
3960 24
3961 7
3962 4
3966 4
3967 1
3969 7
3973 17
3976 4
3982 4
3984 2
3995 7
3997 1
4001 7
4002 5
4004 1
4005 1
4006 5
4016 1
4020 5
4028 2
4031 7
4037 10
4044 5
4047 3
4049 5
4052 9
4055 2
4056 5
4061 1
4062 31
4064 2
4065 4
4068 3
4071 2
4073 3
4075 2
4076 1
4080 3
4081 4
4084 2
4085 2
4086 1
4090 1
4095 4
4101 4
4106 2
4107 9
4108 3
4109 11
4117 1
4120 3
4121 2
4130 1
4139 5
4141 7
4142 1
4148 3
4150 2
4160 4
4163 5
4164 1
4167 2
4186 3
4189 10
4194 3
4195 3
4207 8
4212 16
4218 1
4221 6
4229 2
4233 6
4235 4
4237 5
4239 6
4242 2
4243 5
4245 4
4250 10
4256 6
4258 14
4261 9
4262 1
4266 1
4274 3
4276 9
4277 3
4280 2
4282 8
4286 3
4287 1
4291 1
4303 3
4304 3
4305 1
4307 5
4309 8
4312 9
4314 1
4316 2
4323 5
4328 1
4334 7
4335 11
4340 1
4343 4
4344 2
4347 6
4351 10
4362 1
4366 3
4369 3
4374 6
4380 5
4384 3
4385 4
4392 4
4398 15
4402 2
4407 11
4410 2
4413 2
4415 9
4420 3
4423 5
4433 3
4434 5
4440 7
4446 4
4449 6
4454 15
4457 1
4458 2
4469 4
4475 7
4478 4
4480 3
4489 4
4492 1
4495 2
4497 7
4498 11
4502 5
4512 2
4517 11
4520 5
4521 1
4528 7
4532 3
4540 3
4541 2
4546 1
4549 1
4554 1
4555 5
4563 9
4570 3
4572 1
4573 5
4574 4
4575 15
4576 4
4577 9
4581 5
4584 17
4587 2
4592 1
4598 2
4603 4
4608 2
4611 3
4613 2
4616 1
4618 3
4630 7
4635 2
4639 11
4640 2
4645 5
4656 1
4663 3
4668 3
4669 4
4674 1
4677 3
4681 4
4684 7
4691 8
4694 3
4699 2
4702 3
4704 1
4713 2
4723 5
4724 3
4730 4
4737 2
4742 13
4744 2
4752 2
4755 2
4768 10
4769 3
4771 4
4772 5
4773 4
4775 7
4776 4
4778 6
4793 1
4796 3
4798 1
4806 2
4807 1
4814 2
4816 1
4820 6
4821 5
4823 17
4824 9
4829 11
4833 8
4835 2
4846 5
4856 6
4867 2
4869 1
4870 7
4871 7
4873 1
4874 9
4880 5
4881 7
4889 2
4898 12
4900 1
4901 2
4906 1
4910 1
4917 2
4923 5
4925 11
4928 2
4930 2
4933 5
4936 1
4940 1
4953 1
4954 2
4955 1
4958 4
4968 1
4970 5
4972 4
4980 8
4982 1
4985 3
4987 7
4988 1
4990 3
4994 16
5006 11
5010 29
5011 2
5014 7
5016 3
5018 1
5022 2
5030 6
5031 6
5032 7
5033 4
5036 4
5039 4
5047 6
5053 3
5060 9
5064 3
5068 4
5071 3
5076 3
5077 7
5079 1
5082 9
5087 6
5091 1
5096 16
5097 5
5103 15
5112 3
5113 9
5114 8
5116 4
5118 7
5120 8
5132 5
5133 6
5139 3
5143 3
5145 14
5146 1
5155 5
5159 2
5163 6
5165 9
5174 4
5175 22
5187 1
5192 1
5195 4
5197 1
5201 1
5204 22
5205 3
5207 16
5211 3
5216 6
5218 11
5222 5
5224 8
5232 3
5236 6
5242 1
5244 5
5251 13
5255 7
5259 7
5260 1
5261 6
5262 12
5268 2
5269 1
5272 1
5278 3
5282 3
5289 5
5296 9
5298 13
5304 1
5308 3
5309 4
5311 1
5319 6
5335 1
5342 2
5345 6
5348 1
5356 1
5361 4
5362 3
5368 8
5373 3
5376 5
5377 3
5378 4
5381 2
5387 2
5391 1
5394 15
5398 14
5409 4
5410 4
5413 3
5418 5
5420 2
5421 5
5422 1
5434 13
5438 4
5441 4
5444 6
5449 2
5450 2
5456 2
5465 2
5467 6
5482 1
5485 2
5486 3
5487 25
5490 2
5492 2
5499 5
5501 2
5505 1
5510 3
5513 1
5514 6
5520 3
5521 2
5532 10
5533 8
5539 5
5541 1
5545 6
5548 4
5557 2
5560 2
5562 1
5567 5
5574 2
5579 1
5580 1
5581 8
5590 5
5592 7
5596 1
5600 21
5602 4
5603 12
5606 11
5610 1
5612 15
5613 1
5615 3
5617 3
5635 1
5643 12
5645 1
5646 19
5649 3
5655 3
5659 6
5663 9
5664 2
5673 3
5680 2
5700 2
5701 16
5704 4
5723 1
5725 6
5732 2
5733 2
5738 1
5740 3
5742 2
5750 4
5751 2
5752 7
5756 4
5766 5
5769 7
5773 3
5780 4
5783 4
5789 4
5797 3
5807 3
5808 1
5809 4
5810 7
5818 4
5826 11
5837 4
5838 5
5844 7
5852 4
5854 1
5855 4
5858 5
5861 4
5863 1
5865 2
5867 6
5869 2
5875 2
5879 6
5880 11
5883 3
5889 2
5892 1
5896 4
5899 6
5900 9
5901 2
5908 8
5909 7
5914 1
5918 3
5925 6
5926 1
5927 25
5933 4
5941 7
5942 2
5944 9
5945 3
5948 2
5956 6
5976 4
5978 8
5982 9
5992 1
5998 2
6002 5
6008 7
6010 2
6015 13
6017 7
6021 4
6028 2
6030 11
6034 9
6037 16
6038 1
6040 14
6045 6
6052 9
6055 7
6061 1
6065 1
6071 4
6072 3
6075 9
6080 1
6083 8
6085 3
6093 5
6096 4
6121 4
6122 4
6123 1
6128 9
6132 1
6136 9
6137 8
6138 1
6140 2
6141 2
6142 3
6143 5
6144 1
6145 1
6150 7
6161 11
6166 4
6173 2
6177 13
6182 1
6183 6
6185 1
6186 18
6197 26
6198 6
6199 5
6209 6
6220 2
6225 11
6227 1
6229 5
6232 5
6239 4
6240 1
6242 1
6245 2
6248 2
6252 8
6255 4
6274 9
6277 4
6282 3
6283 1
6284 14
6286 5
6288 13
6290 1
6291 13
6293 12
6295 5
6297 3
6302 1
6303 2
6305 7
6306 3
6309 5
6312 4
6314 1
6318 2
6319 1
6322 13
6326 1
6327 1
6330 15
6331 2
6332 3
6335 7
6336 4
6338 1
6340 2
6348 9
6350 5
6355 9
6358 8
6361 1
6362 3
6364 3
6368 2
6370 12
6380 1
6385 4
6388 2
6397 3
6404 4
6409 2
6410 6
6412 2
6413 3
6416 2
6428 2
6430 4
6431 6
6435 2
6443 3
6450 10
6466 13
6468 4
6469 8
6478 12
6479 1
6483 3
6485 1
6493 1
6508 2
6511 1
6513 15
6518 1
6523 15
6530 4
6531 2
6535 1
6539 1
6541 2
6547 1
6550 3
6554 4
6556 15
6566 2
6569 1
6574 2
6575 3
6579 4
6584 2
6585 1
6590 1
6598 3
6601 5
6606 2
6609 1
6630 16
6636 15
6637 2
6645 1
6648 11
6650 4
6651 3
6654 7
6658 14
6659 2
6664 5
6667 2
6671 2
6675 6
6678 4
6685 1
6691 1
6692 3
6693 3
6695 4
6702 1
6710 1
6717 1
6718 1
6729 7
6730 2
6733 19
6737 2
6739 1
6742 1
6743 1
6745 14
6749 5
6753 1
6754 1
6759 4
6762 3
6763 1
6764 3
6765 1
6767 13
6771 6
6772 1
6773 4
6781 7
6782 16
6794 13
6811 3
6813 7
6836 2
6838 4
6841 5
6843 3
6847 2
6851 6
6852 5
6858 1
6859 1
6860 6
6861 10
6863 3
6871 5
6872 1
6874 2
6878 5
6879 1
6880 7
6887 1
6889 5
6895 3
6897 11
6901 14
6910 3
6915 1
6920 3
6939 6
6940 1
6942 3
6950 1
6959 1
6960 2
6965 6
6967 2
6971 18
6972 4
6974 3
6982 9
6985 3
6989 6
6993 2
6994 15
7005 2
7019 2
7029 5
7030 3
7033 12
7036 9
7039 20
7047 3
7050 8
7057 3
7058 3
7060 13
7070 9
7072 2
7077 6
7078 7
7080 8
7085 4
7086 1
7089 7
7092 2
7093 7
7097 9
7098 1
7100 3
7104 2
7105 3
7110 6
7115 1
7116 4
7118 2
7119 7
7120 1
7123 4
7127 5
7128 1
7129 18
7130 6
7134 8
7135 12
7139 6
7140 18
7147 6
7148 2
7156 4
7157 7
7160 4
7165 6
7166 4
7170 1
7174 8
7175 8
7177 1
7179 7
7180 7
7182 8
7186 5
7187 7
7189 2
7191 3
7195 8
7197 4
7203 1
7206 3
7209 9
7216 6
7225 3
7226 2
7230 2
7234 7
7237 7
7240 2
7241 1
7244 3
7246 1
7251 2
7255 2
7266 4
7269 3
7279 4
7282 7
7288 6
7291 3
7294 5
7304 5
7314 1
7316 1
7325 5
7326 8
7327 1
7329 1
7332 7
7338 1
7339 4
7347 20
7354 3
7356 5
7357 8
7360 3
7364 2
7367 3
7375 14
7380 20
7382 5
7385 1
7387 18
7390 3
7393 4
7395 4
7398 9
7400 3
7402 13
7403 8
7405 10
7407 2
7412 5
7413 1
7415 4
7416 13
7419 1
7421 9
7423 4
7425 4
7426 3
7427 2
7434 2
7435 1
7436 2
7439 15
7446 13
7450 2
7451 10
7452 2
7455 10
7459 2
7460 3
7461 3
7462 3
7465 14
7466 1
7486 2
7487 9
7490 3
7492 7
7493 1
7496 10
7499 3
7507 7
7509 2
7511 5
7515 10
7518 4
7523 1
7527 1
7534 9
7535 6
7538 20
7542 10
7544 1
7545 2
7547 4
7548 9
7550 4
7552 3
7556 16
7558 2
7563 5
7567 5
7580 4
7586 2
7590 5
7592 3
7594 2
7601 2
7610 3
7611 7
7612 8
7619 10
7623 1
7624 39
7634 7
7636 1
7643 4
7648 4
7654 5
7658 2
7663 12
7665 10
7668 1
7671 6
7681 7
7682 9
7684 5
7689 17
7690 8
7699 7
7701 1
7707 2
7708 3
7710 1
7712 3
7721 3
7722 9
7723 1
7724 11
7734 3
7735 2
7736 10
7751 7
7752 9
7753 5
7756 2
7758 16
7759 2
7761 2
7763 16
7767 5
7770 4
7773 4
7776 4
7780 1
7782 4
7783 20
7784 10
7785 5
7787 1
7788 6
7790 8
7791 15
7803 2
7804 16
7812 7
7814 6
7815 2
7816 10
7820 3
7826 6
7827 10
7830 6
7835 5
7836 8
7844 1
7846 3
7851 5
7852 3
7857 5
7861 9
7862 5
7870 5
7871 9
7876 5
7879 4
7881 1
7882 7
7886 1
7889 8
7893 8
7897 2
7898 1
7900 1
7903 11
7905 2
7911 14
7914 11
7916 2
7919 13
7921 8
7925 4
7929 7
7933 2
7934 10
7936 1
7946 3
7948 1
7950 6
7958 2
7960 5
7962 10
7963 5
7965 10
7966 5
7969 4
7974 1
7976 3
7978 4
7983 2
7985 1
7988 4
7990 2
7992 4
7999 4
8000 6
8003 1
8008 1
8010 2
8015 1
8023 5
8026 2
8030 1
8031 9
8040 7
8046 4
8048 2
8049 11
8051 1
8053 2
8054 8
8057 4
8062 1
8065 10
8066 4
8070 1
8077 4
8088 12
8089 2
8093 2
8099 6
8104 6
8113 10
8115 16
8120 4
8121 7
8125 2
8129 1
8134 4
8136 4
8140 13
8141 1
8148 10
8149 2
8151 9
8152 3
8164 1
8166 1
8171 8
8177 6
8178 3
8184 3
8185 14
8192 12
8193 1
8194 2
8195 3
8197 4
8199 8
8200 10
8204 5
8205 14
8207 8
8211 2
8212 3
8213 4
8214 5
8220 7
8233 1
8234 10
8236 3
8240 1
8243 5
8248 1
8254 2
8259 5
8260 4
8262 5
8275 18
8278 1
8279 1
8282 2
8283 11
8286 1
8292 5
8295 1
8296 5
8304 1
8305 1
8310 3
8313 4
8326 7
8327 8
8328 1
8341 9
8343 1
8350 8
8351 3
8352 8
8357 11
8359 2
8362 11
8366 4
8370 2
8373 4
8374 10
8378 9
8386 5
8387 3
8391 6
8397 9
8399 3
8400 30
8405 15
8409 12
8411 16
8428 2
8429 4
8433 5
8435 4
8442 6
8444 3
8445 2
8446 1
8447 2
8449 5
8451 7
8454 2
8456 4
8460 4
8463 7
8469 15
8475 2
8476 3
8478 2
8484 4
8485 4
8487 2
8489 5
8500 2
8504 1
8505 5
8507 2
8510 13
8511 1
8539 7
8543 5
8544 5
8547 2
8554 3
8563 6
8567 2
8568 1
8569 15
8570 5
8578 1
8581 4
8583 3
8584 2
8587 2
8592 2
8593 1
8594 8
8602 2
8604 3
8606 3
8611 1
8613 2
8614 8
8619 2
8620 6
8622 5
8623 4
8624 8
8629 3
8630 5
8631 4
8633 1
8640 13
8644 2
8653 3
8654 8
8655 1
8656 5
8662 6
8663 4
8675 6
8677 1
8679 2
8683 3
8684 1
8685 2
8686 20
8693 3
8694 5
8701 1
8702 1
8704 1
8714 8
8716 1
8717 1
8724 10
8729 13
8731 3
8736 5
8739 1
8746 4
8752 5
8761 9
8762 3
8763 3
8770 2
8773 8
8777 1
8779 1
8780 5
8783 13
8790 5
8793 1
8796 4
8804 26
8806 12
8808 5
8816 2
8819 8
8822 2
8824 10
8831 1
8838 6
8842 3
8843 4
8844 7
8849 4
8854 6
8862 3
8865 4
8871 1
8877 6
8883 9
8885 1
8895 4
8897 4
8898 2
8905 5
8907 8
8923 2
8925 3
8934 4
8936 3
8942 15
8952 1
8958 7
8960 13
8964 8
8968 2
8970 1
8973 4
8977 4
8978 7
8991 7
8992 7
8995 1
8999 4
9003 6
9010 1
9012 12
9015 4
9018 2
9024 9
9025 7
9027 5
9034 2
9039 3
9040 9
9044 3
9049 4
9052 14
9053 6
9055 2
9056 1
9063 3
9065 17
9075 5
9077 2
9080 1
9081 5
9086 6
9090 2
9092 5
9094 18
9097 5
9100 1
9103 2
9104 3
9108 13
9113 2
9116 16
9121 4
9124 1
9126 1
9132 6
9135 2
9136 1
9140 9
9142 1
9145 1
9148 2
9153 2
9157 4
9174 5
9177 2
9196 5
9199 9
9203 3
9204 2
9213 2
9215 3
9221 16
9227 2
9228 1
9231 1
9234 4
9245 4
9249 9
9254 1
9255 8
9257 3
9262 4
9266 1
9271 1
9282 1
9287 15
9288 1
9292 10
9296 2
9298 1
9300 5
9305 2
9317 5
9322 9
9331 1
9332 3
9333 12
9340 2
9342 2
9346 2
9347 1
9358 4
9360 5
9364 5
9366 1
9367 6
9373 4
9375 8
9380 5
9384 12
9385 3
9386 5
9396 7
9401 3
9406 5
9411 9
9414 2
9425 3
9427 1
9428 1
9436 11
9441 5
9443 11
9445 6
9449 1
9458 10
9464 4
9477 6
9481 5
9482 3
9486 7
9493 1
9500 6
9504 5
9505 3
9511 1
9516 4
9519 4
9520 4
9523 11
9526 15
9527 2
9528 6
9531 2
9539 1
9540 13
9542 1
9546 1
9547 2
9555 1
9556 1
9562 1
9567 5
9568 2
9571 4
9573 2
9577 1
9583 3
9585 2
9588 2
9589 3
9595 2
9599 10
9601 14
9603 10
9609 8
9611 5
9614 1
9615 14
9630 2
9633 2
9639 9
9640 24
9644 12
9650 2
9659 4
9660 5
9661 2
9663 6
9668 5
9675 5
9677 8
9678 1
9681 4
9687 25
9688 3
9689 1
9695 14
9700 1
9702 3
9704 6
9712 3
9717 1
9725 5
9731 7
9735 11
9745 2
9748 17
9754 1
9755 5
9757 11
9758 10
9759 5
9760 1
9762 5
9773 15
9792 7
9796 1
9805 1
9809 3
9810 6
9818 3
9822 19
9830 2
9849 2
9850 1
9857 3
9860 4
9864 14
9865 1
9877 1
9899 5
9904 2
9909 14
9915 2
9917 12
9919 1
9934 2
9936 2
9937 4
9940 7
9941 6
9945 1
9946 4
9951 1
9964 10
9965 11
9967 3
9969 4
9977 13
9983 14
9988 11
9989 9
9991 16
9994 6
9998 14
10003 1
10009 4
10012 1
10017 1
10018 5
10027 1
10029 7
10034 6
10039 5
10042 23
10043 6
10049 9
10059 2
10061 11
10095 3
10109 12
10111 7
10114 1
10120 5
10127 4
10138 5
10143 3
10144 11
10145 16
10147 6
10150 2
10153 1
10154 11
10159 2
10165 4
10173 13
10175 1
10180 1
10190 3
10192 5
10193 1
10204 4
10210 2
10216 4
10226 6
10236 1
10237 9
10242 2
10247 2
10264 1
10269 13
10270 9
10271 5
10275 2
10278 6
10286 4
10297 7
10316 5
10318 2
10319 1
10320 3
10327 4
10328 1
10345 5
10346 14
10349 9
10352 6
10353 3
10360 5
10362 11
10363 12
10372 15
10373 11
10381 7
10385 4
10386 5
10387 6
10392 6
10396 1
10398 3
10416 1
10420 17
10421 15
10428 6
10431 14
10434 5
10435 3
10437 2
10442 2
10449 4
10453 8
10459 10
10462 6
10463 5
10465 1
10468 1
10470 2
10471 1
10474 5
10476 1
10487 5
10490 3
10491 2
10492 1
10493 8
10499 1
10504 11
10508 3
10513 4
10518 5
10523 1
10528 2
10530 2
10532 2
10534 3
10536 1
10541 4
10543 2
10544 3
10546 10
10560 10
10562 5
10564 1
10580 2
10583 18
10585 4
10588 1
10592 1
10593 18
10602 11
10610 6
10611 1
10621 6
10628 1
10629 6
10635 3
10644 9
10646 10
10655 4
10664 1
10666 6
10668 22
10669 3
10670 31
10672 1
10676 3
10678 3
10682 1
10692 3
10699 1
10705 2
10713 3
10716 8
10717 12
10724 11
10728 4
10731 5
10735 10
10737 1
10739 3
10745 1
10748 3
10754 2
10758 6
10766 14
10770 3
10774 14
10789 7
10791 7
10796 6
10797 3
10807 1
10808 1
10810 1
10813 14
10816 4
10817 3
10831 16
10832 10
10842 3
10843 2
10844 4
10850 1
10851 2
10854 7
10855 1
10856 8
10857 2
10858 3
10867 8
10869 1
10883 2
10885 1
10887 2
10888 7
10890 1
10894 5
10897 1
10898 2
10902 4
10904 7
10905 1
10907 7
10914 2
10926 4
10928 2
10930 2
10936 5
10943 8
10947 1
10951 9
10952 7
10955 2
10960 8
10964 9
10970 8
10972 4
10974 2
10975 1
10983 2
10987 1
10989 4
10991 1
11001 2
11017 4
11020 3
11028 4
11029 6
11034 12
11037 4
11038 2
11040 6
11041 1
11047 2
11050 6
11052 3
11064 5
11069 2
11078 4
11083 1
11086 5
11092 2
11093 1
11094 1
11098 2
11102 1
11106 1
11111 1
11115 1
11116 3
11117 1
11121 4
11127 6
11128 6
11130 3
11135 6
11139 21
11143 4
11145 9
11147 3
11148 8
11152 7
11156 2
11163 6
11165 4
11171 5
11174 17
11176 5
11177 6
11186 7
11188 6
11191 1
11192 5
11194 1
11208 9
11210 1
11211 11
11214 4
11215 2
11220 19
11228 16
11235 1
11240 11
11250 7
11252 11
11262 2
11264 1
11268 12
11271 4
11273 2
11282 4
11285 8
11288 4
11298 13
11306 2
11307 11
11310 5
11312 1
11315 7
11316 3
11323 1
11334 6
11335 9
11336 16
11339 12
11341 11
11342 1
11345 2
11351 6
11356 2
11359 4
11360 13
11361 2
11364 12
11366 10
11368 9
11374 18
11378 1
11402 5
11412 9
11418 4
11420 8
11424 2
11426 1
11427 1
11430 2
11431 1
11435 1
11439 5
11440 3
11443 5
11445 30
11451 2
11456 6
11459 1
11460 2
11462 7
11465 4
11468 6
11470 5
11471 4
11478 5
11482 3
11483 3
11486 18
11488 7
11493 1
11498 3
11503 2
11506 15
11513 4
11514 1
11517 1
11519 3
11521 2
11538 1
11542 2
11543 2
11546 6
11547 3
11548 3
11551 2
11552 3
11554 3
11558 1
11559 4
11568 1
11569 1
11572 14
11574 6
11575 5
11578 5
11580 3
11583 3
11586 6
11591 3
11594 5
11595 3
11599 1
11600 4
11601 12
11608 8
11613 5
11619 2
11631 6
11635 10
11643 2
11645 5
11651 1
11653 2
11654 8
11656 5
11662 4
11666 9
11669 3
11671 10
11672 8
11674 19
11686 1
11694 6
11695 2
11697 14
11699 4
11702 4
11709 4
11723 7
11724 8
11727 2
11730 12
11735 2
11737 5
11740 10
11741 6
11743 3
11747 7
11749 21
11756 6
11761 14
11763 2
11765 1
11772 6
11774 6
11784 5
11787 10
11792 1
11799 10
11800 1
11802 9
11804 3
11808 15
11810 6
11811 7
11818 7
11819 4
11836 5
11840 1
11858 2
11865 5
11868 7
11871 6
11876 2
11878 9
11879 15
11881 4
11884 37
11892 3
11894 8
11896 1
11898 10
11902 5
11903 2
11908 19
11911 5
11915 1
11925 1
11929 7
11930 4
11933 1
11934 2
11939 1
11943 5
11944 2
11948 3
11959 3
11962 1
11964 10
11974 1
11984 3
12009 2
12011 2
12012 12
12013 1
12016 8
12017 13
12021 15
12025 3
12038 6
12042 7
12044 3
12046 1
12047 11
12051 15
12053 6
12054 3
12060 3
12063 19
12067 5
12069 8
12073 7
12092 11
12100 2
12103 1
12105 12
12109 2
12114 3
12116 19
12117 7
12125 2
12128 4
12129 4
12134 6
12135 5
12136 1
12137 2
12144 1
12151 3
12154 3
12157 1
12165 2
12166 1
12167 12
12172 9
12176 11
12179 8
12183 3
12184 3
12188 1
12195 2
12197 2
12198 10
12200 2
12201 8
12204 6
12206 2
12207 3
12208 10
12210 5
12211 4
12223 3
12226 4
12228 7
12229 1
12232 1
12235 2
12238 9
12241 6
12250 4
12253 1
12254 4
12266 5
12271 8
12272 2
12278 15
12279 3
12282 6
12283 1
12284 1
12290 13
12292 1
12296 7
12300 1
12311 6
12317 2
12320 2
12327 6
12329 3
12330 11
12332 7
12335 2
12349 8
12372 2
12376 7
12377 2
12383 5
12390 2
12394 4
12397 3
12403 1
12404 2
12410 17
12413 10
12424 7
12433 1
12437 5
12438 4
12441 3
12442 15
12443 4
12446 1
12452 11
12465 12
12469 5
12480 7
12481 1
12483 14
12485 3
12487 2
12490 6
12501 2
12505 3
12511 4
12512 1
12514 6
12520 2
12524 1
12525 1
12528 1
12531 1
12537 3
12539 4
12540 1
12541 2
12542 1
12545 5
12546 6
12547 8
12550 2
12557 3
12568 8
12569 2
12571 5
12572 1
12577 2
12587 6
12589 9
12599 14
12601 2
12604 9
12609 5
12618 12
12620 5
12621 1
12628 3
12633 5
12634 5
12643 8
12644 3
12646 9
12648 5
12650 15
12660 9
12663 10
12666 6
12668 5
12671 10
12676 3
12679 3
12682 11
12684 3
12691 2
12692 2
12699 6
12708 6
12710 11
12719 18
12720 1
12723 1
12724 5
12725 5
12726 13
12740 12
12753 3
12757 8
12763 1
12772 2
12780 6
12781 1
12786 2
12789 2
12790 13
12794 2
12796 13
12800 11
12803 5
12804 8
12809 1
12811 22
12813 2
12814 5
12818 9
12819 1
12820 7
12823 5
12833 1
12834 18
12838 6
12840 15
12841 3
12842 2
12848 1
12849 4
12851 3
12860 2
12863 24
12865 1
12866 24
12875 1
12876 4
12880 7
12888 8
12891 3
12892 2
12897 5
12903 1
12905 2
12908 5
12917 6
12918 1
12923 11
12925 1
12926 5
12930 13
12932 12
12937 8
12940 9
12947 1
12949 4
12952 4
12953 13
12957 1
12958 8
12962 2
12963 5
12964 1
12966 8
12970 13
12974 13
12979 14
12981 4
12983 7
12987 8
12989 2
12991 3
12992 10
12994 2
12995 1
12997 7
12998 3
13008 4
13010 2
13018 1
13022 4
13024 19
13042 2
13045 13
13055 6
13057 8
13059 1
13060 3
13067 5
13074 5
13079 3
13082 2
13085 2
13087 2
13104 4
13114 4
13118 1
13121 5
13122 7
13125 2
13128 1
13140 4
13141 3
13153 2
13158 3
13162 3
13163 8
13167 9
13174 1
13185 2
13187 4
13188 4
13195 1
13201 1
13207 1
13208 7
13209 5
13212 10
13226 8
13234 8
13237 2
13241 1
13244 3
13245 2
13251 1
13261 3
13264 2
13265 2
13266 12
13268 3
13269 1
13282 5
13283 4
13285 3
13291 4
13304 3
13306 23
13314 9
13318 7
13322 4
13325 3
13330 6
13342 12
13343 7
13344 4
13346 1
13347 5
13348 5
13352 5
13356 6
13357 4
13360 2
13363 5
13364 3
13366 2
13369 14
13373 4
13374 7
13379 2
13381 5
13387 6
13388 4
13389 2
13393 3
13395 1
13396 6
13397 10
13399 5
13402 2
13403 7
13405 3
13410 4
13411 9
13412 4
13414 1
13415 13
13416 8
13418 18
13419 5
13423 3
13427 5
13437 13
13438 7
13439 8
13448 5
13449 3
13451 6
13452 4
13453 2
13456 4
13471 1
13472 7
13473 2
13474 9
13480 1
13483 2
13490 21
13491 6
13494 4
13498 15
13500 6
13501 16
13502 6
13503 3
13506 2
13507 6
13508 7
13509 2
13513 7
13520 8
13523 24
13524 3
13526 7
13527 18
13535 2
13543 3
13544 5
13553 2
13554 2
13559 4
13566 3
13573 10
13575 13
13577 2
13578 8
13580 1
13582 4
13585 4
13586 1
13588 2
13604 3
13606 8
13608 6
13610 2
13622 3
13624 7
13625 1
13631 3
13633 3
13639 7
13642 10
13643 4
13644 2
13647 6
13652 2
13653 2
13662 4
13665 4
13666 10
13672 4
13674 4
13675 10
13676 2
13678 1
13685 3
13693 2
13707 1
13708 3
13710 9
13716 1
13721 11
13725 6
13726 2
13730 5
13731 4
13733 1
13738 5
13739 12
13740 7
13743 2
13749 7
13754 4
13762 6
13763 5
13764 4
13767 2
13768 1
13773 7
13776 6
13781 2
13784 3
13788 6
13790 3
13792 2
13796 4
13802 4
13803 2
13810 5
13811 1
13812 5
13817 7
13819 10
13820 15
13821 1
13824 4
13828 1
13829 3
13839 1
13845 6
13846 7
13851 4
13854 4
13859 9
13874 3
13881 9
13883 7
13885 2
13903 4
13904 3
13912 10
13913 6
13917 2
13919 13
13922 1
13924 3
13930 3
13932 13
13933 2
13936 4
13938 2
13949 3
13952 2
13953 7
13961 1
13965 2
13968 1
13972 1
13974 1
13975 1
13979 1
13984 8
13994 6
13995 3
14006 8
14011 2
14016 12
14020 6
14024 3
14025 25
14026 3
14029 6
14031 3
14034 4
14038 1
14041 11
14042 2
14043 8
14048 3
14049 4
14059 5
14061 1
14063 7
14080 1
14084 5
14089 7
14090 8
14092 2
14095 1
14097 3
14107 6
14108 1
14114 9
14118 3
14120 4
14126 2
14146 6
14153 2
14159 11
14167 1
14173 4
14177 1
14178 1
14179 16
14181 5
14189 1
14191 2
14194 1
14195 27
14199 6
14200 3
14202 1
14206 17
14209 5
14214 1
14216 1
14219 14
14220 4
14222 4
14229 1
14234 1
14239 1
14241 3
14247 19
14249 6
14251 2
14257 2
14258 1
14266 1
14271 4
14274 5
14275 4
14277 2
14281 2
14282 3
14284 2
14285 1
14286 1
14288 14
14291 3
14295 4
14297 13
14298 13
14299 7
14302 6
14311 5
14313 3
14314 2
14325 2
14326 2
14328 1
14332 2
14335 4
14340 2
14342 6
14345 3
14347 4
14351 3
14353 4
14356 5
14358 4
14360 2
14361 2
14363 9
14368 1
14370 5
14374 4
14378 8
14384 1
14386 3
14395 1
14404 1
14407 14
14414 2
14416 8
14420 4
14422 1
14427 12
14428 16
14430 2
14439 5
14452 2
14455 1
14457 6
14459 1
14463 2
14466 2
14471 16
14478 1
14479 1
14481 7
14489 7
14490 3
14494 2
14498 3
14500 1
14502 3
14503 1
14507 5
14510 2
14519 7
14520 6
14523 8
14526 2
14527 12
14530 5
14531 2
14537 2
14540 6
14541 1
14547 5
14548 1
14550 4
14553 1
14556 6
14559 1
14563 1
14566 3
14568 16
14578 4
14580 3
14584 2
14587 21
14589 5
14590 16
14599 15
14600 3
14608 33
14617 5
14621 3
14622 4
14640 1
14642 10
14644 4
14645 2
14647 1
14649 9
14666 21
14667 7
14669 7
14670 4
14679 6
14692 1
14694 2
14701 19
14702 3
14705 23
14708 6
14713 2
14724 1
14734 3
14735 12
14736 1
14741 1
14742 6
14751 2
14768 6
14771 1
14772 2
14776 6
14778 1
14781 3
14784 1
14789 11
14792 8
14796 7
14800 11
14809 5
14817 8
14821 10
14826 5
14827 1
14829 1
14832 2
14838 5
14839 4
14843 5
14849 12
14853 5
14868 11
14872 2
14874 4
14875 1
14881 6
14891 6
14893 8
14898 2
14910 4
14915 2
14918 4
14930 7
14931 13
14936 1
14938 22
14944 3
14946 1
14950 3
14954 2
14956 4
14969 1
14977 1
14979 3
14982 3
14984 14
14987 1
14988 9
14990 10
14992 2
14993 21
14997 2
15001 6
15005 8
15008 18
15009 2
15011 2
15015 2
15017 4
15019 22
15024 2
15027 13
15039 1
15041 11
15043 7
15045 1
15048 3
15050 4
15053 16
15054 1
15056 5
15064 3
15069 1
15072 3
15076 1
15083 1
15086 5
15092 3
15094 6
15096 7
15100 8
15101 1
15102 1
15109 6
15113 7
15114 7
15119 1
15129 4
15135 1
15137 2
15140 5
15142 3
15143 12
15148 5
15149 17
15150 5
15151 4
15152 6
15163 7
15175 8
15176 4
15177 1
15184 5
15185 7
15186 3
15188 5
15191 10
15193 2
15201 5
15213 2
15215 2
15216 4
15219 4
15220 24
15225 14
15228 5
15233 1
15238 1
15240 7
15244 4
15265 7
15272 1
15273 1
15277 1
15278 5
15281 1
15289 1
15291 1
15304 5
15308 3
15312 1
15314 5
15317 2
15321 2
15322 1
15326 2
15328 2
15329 3
15331 1
15345 3
15346 5
15349 5
15356 13
15358 13
15360 1
15366 1
15372 11
15374 3
15377 4
15383 2
15385 1
15389 4
15391 9
15393 4
15396 1
15400 3
15404 2
15405 14
15408 2
15411 5
15414 3
15418 3
15429 1
15432 4
15437 1
15439 5
15441 1
15442 5
15445 4
15449 11
15457 2
15461 6
15467 3
15472 4
15474 2
15476 3
15477 1
15478 4
15479 7
15483 2
15488 4
15491 1
15492 2
15495 5
15505 4
15506 6
15514 15
15518 2
15527 2
15532 1
15536 3
15537 5
15538 1
15540 3
15550 2
15552 3
15554 4
15556 1
15559 1
15562 3
15563 5
15567 3
15569 3
15571 9
15578 5
15583 7
15584 1
15592 7
15595 8
15596 1
15597 2
15600 27
15607 8
15617 2
15622 2
15629 1
15638 4
15641 3
15642 12
15643 6
15645 6
15648 15
15664 6
15669 3
15674 11
15678 5
15679 8
15682 1
15684 1
15692 1
15703 4
15704 11
15713 2
15715 1
15717 2
15720 4
15728 3
15729 5
15732 10
15737 3
15750 3
15758 4
15764 8
15765 3
15768 12
15769 1
15770 6
15785 6
15791 18
15794 9
15798 8
15799 5
15810 1
15816 5
15817 7
15834 2
15839 2
15842 10
15843 2
15848 15
15849 13
15850 5
15855 5
15858 6
15862 2
15863 3
15869 8
15870 1
15874 6
15879 4
15880 8
15882 2
15886 6
15888 3
15891 1
15892 6
15896 1
15897 4
15898 2
15901 10
15902 1
15903 6
15904 1
15912 5
15922 6
15931 1
15932 4
15934 1
15940 1
15950 2
15953 3
15954 3
15957 7
15961 2
15963 3
15964 3
15966 7
15974 12
15977 3
15979 6
15981 7
15982 9
15987 1
15989 3
15990 6
15995 6
16001 3
16002 8
16007 5
16008 6
16009 6
16020 8
16022 1
16023 4
16024 7
16036 3
16037 8
16038 10
16041 4
16043 2
16045 8
16048 3
16049 4
16050 2
16053 2
16057 2
16058 4
16062 1
16064 5
16065 1
16066 1
16067 3
16071 9
16077 5
16080 3
16083 8
16087 1
16088 5
16090 1
16092 3
16097 1
16109 9
16110 18
16111 5
16116 1
16118 1
16120 7
16129 3
16141 3
16144 2
16148 13
16156 11
16157 5
16159 11
16160 3
16162 2
16167 3
16175 7
16176 13
16178 6
16184 5
16193 4
16198 8
16202 5
16209 4
16211 3
16215 1
16224 6
16232 2
16234 4
16241 3
16243 11
16247 2
16248 1
16251 3
16260 5
16263 3
16264 1
16268 16
16271 1
16278 1
16292 6
16330 3
16338 1
16340 12
16345 9
16348 2
16366 1
16370 3
16375 2
16377 7
16384 2
16386 1
16388 4
16391 1
16405 3
16406 1
16407 7
16409 9
16410 6
16412 1
16414 2
16415 4
16417 5
16421 4
16426 2
16427 8
16429 6
16432 7
16437 2
16442 8
16446 5
16448 6
16449 6
16451 3
16452 5
16456 6
16461 5
16465 3
16468 3
16474 6
16475 2
16480 2
16488 2
16496 2
16499 11
16500 9
16510 7
16512 14
16513 4
16516 3
16518 15
16519 10
16520 1
16521 12
16522 3
16538 1
16541 4
16544 4
16549 2
16554 8
16557 13
16567 2
16570 14
16571 1
16573 2
16577 3
16580 17
16581 4
16585 11
16587 13
16589 8
16590 1
16592 1
16594 5
16595 7
16597 6
16598 6
16600 7
16604 1
16606 6
16614 10
16621 12
16622 3
16626 24
16627 1
16629 1
16635 4
16639 7
16644 1
16649 1
16650 9
16652 4
16654 3
16657 2
16658 8
16659 3
16661 17
16662 1
16668 3
16669 11
16673 2
16676 3
16683 2
16695 3
16698 3
16699 3
16700 5
16702 1
16706 4
16709 9
16710 3
16717 15
16718 18
16720 4
16723 5
16725 1
16727 1
16731 4
16740 5
16752 2
16755 9
16762 5
16771 5
16773 1
16776 4
16778 4
16780 12
16786 1
16789 1
16790 1
16794 7
16806 3
16807 1
16808 3
16817 1
16819 6
16821 13
16825 7
16830 3
16833 2
16835 5
16839 14
16842 2
16848 3
16849 4
16850 1
16854 2
16864 1
16870 4
16876 1
16879 1
16883 5
16888 1
16889 6
16893 1
16895 8
16905 1
16907 11
16908 1
16909 3
16910 2
16917 8
16918 1
16924 10
16932 3
16935 4
16944 4
16947 4
16949 9
16950 15
16963 4
16964 1
16972 5
16978 2
16985 2
16988 6
16993 4
16995 7
17001 2
17003 4
17007 2
17011 9
17013 4
17014 2
17015 2
17016 1
17017 12
17019 4
17022 4
17024 11
17031 1
17032 1
17033 8
17034 10
17048 1
17049 2
17056 9
17060 6
17063 2
17064 1
17067 4
17068 4
17073 5
17074 2
17076 2
17082 6
17086 3
17091 4
17093 13
17095 1
17098 6
17104 9
17111 4
17113 7
17122 22
17124 5
17125 2
17126 6
17127 7
17132 7
17135 2
17138 3
17140 1
17141 3
17143 1
17144 8
17149 19
17162 21
17163 10
17164 9
17173 7
17175 1
17178 5
17182 10
17183 5
17186 5
17200 6
17203 12
17205 2
17206 4
17207 2
17211 5
17213 4
17221 1
17222 10
17224 7
17233 1
17239 3
17242 3
17244 10
17248 2
17256 5
17260 3
17262 9
17270 8
17271 6
17275 3
17278 2
17279 5
17285 14
17286 7
17288 4
17289 1
17296 2
17299 5
17301 14
17303 3
17312 1
17316 1
17318 13
17319 5
17323 5
17325 8
17329 3
17332 2
17333 1
17337 2
17344 1
17355 2
17361 13
17363 32
17365 2
17367 1
17372 8
17374 5
17376 5
17377 5
17380 10
17388 3
17393 2
17396 9
17398 4
17401 1
17404 16
17408 9
17421 7
17423 3
17425 2
17430 5
17437 7
17438 10
17440 7
17445 3
17447 4
17448 5
17455 6
17462 4
17463 2
17469 2
17470 17
17477 3
17478 5
17484 2
17486 2
17491 17
17497 6
17505 7
17506 1
17510 1
17515 10
17519 4
17524 4
17525 9
17527 13
17531 13
17534 1
17536 5
17537 5
17538 2
17543 10
17558 2
17564 1
17570 4
17571 1
17583 1
17587 1
17594 1
17603 1
17620 2
17626 4
17634 1
17649 2
17650 10
17654 7
17655 6
17656 3
17658 4
17659 10
17661 1
17666 5
17672 4
17673 2
17676 22
17678 2
17684 1
17691 5
17692 1
17703 1
17706 4
17711 1
17713 1
17716 5
17719 9
17720 3
17721 4
17724 3
17725 8
17731 2
17737 1
17739 9
17741 9
17742 3
17746 4
17750 1
17760 4
17762 1
17772 1
17774 11
17775 9
17776 12
17779 2
17781 1
17795 4
17797 3
17799 4
17801 4
17808 4
17811 4
17821 12
17822 1
17825 9
17826 9
17828 5
17834 10
17837 1
17844 6
17845 4
17848 3
17851 10
17857 2
17859 5
17873 2
17877 34
17889 3
17898 3
17904 1
17907 4
17908 1
17909 2
17910 10
17918 2
17919 3
17924 5
17925 17
17930 6
17933 4
17934 3
17936 11
17942 11
17953 1
17954 6
17964 1
17966 14
17968 1
17971 1
17977 1
17983 7
17985 7
17991 1
17999 3
18005 2
18011 4
18017 6
18023 1
18029 1
18034 8
18039 2
18041 4
18045 3
18051 2
18054 1
18055 3
18058 1
18059 2
18060 2
18066 4
18072 1
18083 1
18088 1
18093 6
18099 1
18102 8
18112 1
18115 1
18118 6
18124 3
18126 7
18127 3
18129 14
18130 2
18131 6
18137 1
18144 4
18146 10
18149 2
18151 3
18160 4
18164 1
18167 9
18176 4
18180 1
18190 2
18193 8
18196 2
18205 13
18212 1
18216 1
18219 2
18220 10
18224 4
18228 7
18238 7
18241 4
18245 7
18250 1
18251 9
18255 1
18259 8
18277 9
18280 9
18283 1
18285 16
18292 2
18295 3
18298 4
18302 7
18304 4
18306 5
18317 1
18320 7
18321 10
18329 2
18332 2
18340 1
18344 2
18345 4
18346 2
18348 4
18355 2
18356 3
18357 18
18360 3
18361 5
18365 1
18369 1
18378 1
18385 7
18386 2
18388 3
18390 1
18397 5
18400 2
18402 4
18406 2
18409 1
18412 1
18414 7
18415 5
18421 6
18424 10
18432 21
18433 4
18436 15
18438 3
18441 3
18452 2
18456 11
18458 2
18459 9
18460 4
18463 1
18469 4
18472 1
18473 5
18477 2
18484 3
18486 3
18490 1
18491 2
18497 3
18499 7
18507 6
18510 5
18512 4
18515 12
18526 9
18528 2
18535 1
18545 4
18553 2
18556 8
18559 7
18560 4
18563 2
18566 14
18577 1
18579 1
18583 2
18586 3
18588 10
18596 13
18601 2
18607 1
18610 3
18622 2
18623 1
18626 2
18631 1
18636 4
18643 7
18653 2
18660 7
18661 13
18666 3
18680 18
18681 1
18686 1
18687 3
18688 2
18689 3
18693 1
18694 8
18695 7
18697 5
18698 6
18706 9
18721 1
18724 6
18726 1
18732 1
18733 6
18734 3
18743 2
18746 1
18747 1
18748 11
18752 2
18756 18
18757 7
18758 11
18760 3
18765 1
18766 4
18773 24
18778 6
18784 6
18793 1
18798 10
18802 3
18812 2
18816 1
18817 5
18818 2
18829 4
18830 6
18834 9
18838 2
18839 6
18840 5
18842 5
18853 1
18856 2
18857 3
18858 1
18859 4
18865 1
18867 2
18878 1
18881 1
18883 3
18894 2
18895 2
18903 4
18908 8
18915 2
18917 2
18920 2
18921 3
18923 10
18933 4
18940 7
18941 4
18948 2
18950 8
18962 7
18966 1
18968 1
18973 6
18978 7
18982 2
18989 6
18999 3
19000 21
19001 1
19002 5
19004 3
19008 3
19010 1
19014 5
19018 8
19019 1
19020 7
19022 10
19023 5
19027 8
19031 2
19039 7
19041 3
19042 1
19043 3
19045 1
19048 7
19050 5
19054 1
19075 7
19082 3
19084 7
19085 2
19092 4
19093 5
19099 1
19104 3
19106 2
19108 6
19109 1
19110 24
19112 9
19113 5
19114 1
19119 4
19123 6
19124 3
19126 8
19128 2
19130 10
19138 2
19140 3
19147 1
19148 3
19149 8
19153 11
19166 1
19170 2
19171 12
19182 9
19183 1
19188 7
19196 4
19199 2
19200 1
19202 15
19205 3
19208 7
19215 4
19216 3
19217 1
19221 2
19224 10
19234 2
19235 2
19236 6
19240 3
19242 9
19244 6
19247 5
19248 5
19252 1
19256 9
19257 2
19260 2
19264 14
19265 1
19271 5
19274 8
19275 2
19276 1
19278 1
19279 1
19284 4
19289 4
19292 2
19295 9
19304 1
19305 3
19306 1
19313 2
19315 1
19319 2
19325 5
19327 2
19334 7
19348 5
19349 3
19351 3
19358 4
19362 2
19363 8
19365 9
19367 2
19375 4
19378 6
19380 18
19381 1
19384 11
19385 1
19387 7
19388 1
19394 7
19397 2
19398 4
19406 5
19407 7
19408 9
19409 1
19412 3
19417 4
19418 5
19419 3
19425 3
19426 9
19430 2
19431 6
19432 3
19439 4
19442 7
19443 6
19444 2
19445 3
19447 2
19452 1
19454 11
19465 1
19477 2
19481 1
19487 3
19494 4
19501 3
19502 10
19526 5
19530 3
19533 4
19538 4
19539 4
19541 4
19543 4
19547 3
19549 12
19553 1
19568 2
19573 11
19579 1
19583 18
19599 4
19604 2
19605 1
19611 2
19612 1
19613 5
19617 2
19633 5
19635 3
19643 8
19644 1
19647 4
19653 5
19657 2
19661 1
19663 4
19664 2
19665 2
19668 1
19669 1
19670 2
19674 3
19676 1
19685 31
19686 27
19688 4
19690 4
19693 9
19695 2
19697 8
19703 1
19704 19
19708 4
19709 1
19710 1
19713 2
19719 8
19722 2
19726 14
19733 29
19738 8
19740 9
19742 9
19744 3
19745 5
19749 2
19750 4
19761 1
19763 4
19768 1
19769 12
19775 4
19776 1
19778 4
19779 4
19780 14
19783 8
19791 8
19794 1
19795 7
19796 7
19799 14
19800 10
19801 9
19802 2
19810 1
19811 5
19817 1
19820 1
19821 13
19823 19
19836 4
19841 4
19847 6
19850 4
19856 3
19862 1
19864 10
19871 3
19873 7
19879 1
19887 3
19888 25
19889 6
19893 9
19903 5
19905 2
19910 4
19913 3
19917 3
19919 2
19924 1
19927 2
19929 2
19930 1
19933 29
19934 5
19941 10
19943 6
19944 8
19945 4
19948 1
19950 16
19952 2
19956 2
19967 2
19970 3
19975 11
19979 5
19986 2
19988 7
19990 15
19993 2
19996 4
19999 4
20003 2
20007 1
20009 2
20010 2
20013 4
20014 10
20018 3
20021 8
20026 10
20029 10
20031 2
20036 6
20040 5
20046 7
20050 2
20051 6
20056 6
20058 9
20060 1
20063 1
20065 4
20070 14
20071 1
20073 4
20077 3
20080 1
20083 2
20084 3
20106 1
20112 4
20118 2
20121 2
20122 4
20126 5
20142 8
20145 5
20150 2
20151 1
20158 4
20165 1
20168 5
20172 8
20173 1
20180 1
20184 1
20191 7
20195 2
20199 2
20205 4
20221 2
20224 3
20227 5
20228 2
20229 6
20232 10
20237 4
20238 13
20242 1
20255 3
20260 5
20261 4
20262 2
20274 10
20289 8
20294 5
20296 24
20306 3
20310 6
20311 9
20313 9
20316 4
20317 9
20319 4
20321 2
20323 7
20327 1
20332 13
20333 4
20336 4
20337 1
20340 4
20342 1
20344 9
20349 3
20350 9
20357 2
20359 5
20362 4
20372 3
20378 1
20380 4
20382 3
20387 2
20395 9
20402 1
20406 2
20408 3
20409 6
20410 4
20415 2
20416 1
20417 4
20421 9
20422 1
20426 1
20432 4
20436 4
20439 3
20440 10
20441 4
20446 2
20453 18
20459 6
20460 18
20461 4
20463 1
20464 1
20469 2
20471 2
20472 1
20479 1
20489 3
20494 6
20496 6
20505 2
20506 4
20517 10
20520 9
20521 9
20526 7
20530 7
20531 1
20532 2
20540 1
20542 1
20543 7
20548 2
20559 3
20563 2
20564 1
20567 7
20584 30
20596 9
20608 2
20611 5
20614 2
20618 8
20619 5
20624 1
20636 1
20646 2
20653 6
20657 18
20659 4
20668 4
20670 2
20671 4
20677 2
20678 4
20682 1
20696 6
20701 2
20708 8
20717 1
20721 3
20725 1
20729 13
20736 6
20737 4
20738 3
20739 2
20743 2
20744 3
20745 1
20746 1
20747 1
20748 1
20749 9
20752 5
20753 5
20755 1
20758 7
20774 2
20778 2
20780 4
20783 10
20784 3
20791 1
20795 4
20807 14
20808 11
20809 4
20812 6
20817 7
20831 3
20833 15
20841 1
20848 9
20850 12
20858 1
20863 3
20869 2
20872 2
20873 2
20878 4
20883 19
20896 5
20900 2
20901 1
20908 1
20924 1
20930 2
20931 8
20939 4
20941 6
20945 2
20954 1
20959 2
20961 1
20962 1
20966 5
20983 3
20988 1
20993 7
20995 1
20996 3
20999 4
21009 2
21010 3
21014 9
21015 24
21022 3
21024 1
21027 9
21028 4
21032 4
21033 1
21034 7
21035 3
21036 3
21038 6
21052 4
21057 12
21059 15
21060 3
21062 3
21063 1
21065 1
21072 5
21074 10
21082 1
21083 15
21085 2
21086 1
21093 5
21094 2
21104 17
21105 5
21107 2
21108 5
21109 6
21112 2
21113 12
21114 7
21116 5
21125 2
21128 7
21129 11
21133 1
21138 1
21142 7
21143 6
21144 10
21146 1
21148 1
21149 12
21152 3
21154 3
21156 6
21160 2
21164 3
21165 2
21167 1
21169 5
21170 2
21176 2
21178 1
21187 6
21188 15
21189 2
21192 3
21193 4
21200 4
21203 3
21205 6
21207 10
21215 2
21219 3
21223 3
21226 1
21228 8
21229 4
21231 2
21239 1
21241 7
21242 6
21246 5
21248 4
21249 2
21251 4
21253 4
21262 7
21263 4
21266 9
21271 1
21272 4
21273 1
21276 1
21279 3
21280 3
21288 3
21290 6
21293 6
21296 14
21298 2
21301 3
21303 3
21310 4
21313 1
21314 4
21325 1
21327 4
21332 2
21334 3
21336 1
21348 1
21351 2
21357 2
21359 2
21373 4
21378 10
21391 4
21394 2
21398 3
21402 6
21404 5
21405 4
21413 10
21423 11
21428 2
21437 7
21441 1
21443 2
21445 14
21456 10
21457 5
21458 1
21466 1
21470 4
21476 7
21482 1
21485 5
21495 19
21500 16
21507 4
21508 1
21510 1
21511 1
21516 4
21518 33
21529 1
21535 2
21536 2
21538 2
21559 1
21565 8
21566 5
21575 2
21576 11
21577 12
21580 11
21584 3
21610 7
21613 7
21616 12
21618 11
21622 2
21623 3
21630 1
21633 1
21634 3
21639 8
21646 3
21652 3
21653 2
21656 2
21658 1
21659 11
21661 9
21663 1
21665 1
21668 3
21669 1
21672 10
21679 6
21682 3
21686 1
21692 3
21695 1
21698 7
21699 3
21703 3
21708 9
21711 5
21714 7
21716 2
21725 3
21731 7
21732 1
21743 5
21751 3
21756 5
21758 7
21763 1
21768 16
21769 13
21773 1
21781 3
21789 5
21790 11
21797 5
21804 4
21805 3
21808 2
21811 6
21813 1
21816 13
21821 3
21825 2
21827 3
21831 2
21839 2
21842 7
21849 7
21850 2
21854 3
21858 3
21859 1
21868 1
21869 2
21870 2
21874 1
21881 7
21897 11
21909 13
21912 1
21915 8
21924 3
21925 2
21926 1
21932 5
21933 1
21937 1
21940 1
21951 1
21953 5
21955 1
21963 2
21967 5
21968 4
21970 4
21974 4
21980 5
21985 1
21988 4
22003 1
22005 3
22006 1
22014 5
22017 14
22019 5
22020 12
22022 3
22025 3
22027 1
22028 3
22031 8
22037 3
22038 3
22042 5
22043 22
22046 2
22047 3
22052 2
22054 1
22056 4
22058 1
22059 10
22064 1
22071 4
22072 4
22077 3
22085 24
22086 6
22088 10
22090 1
22093 2
22094 5
22098 11
22100 4
22101 4
22104 4
22106 13
22109 1
22114 2
22116 11
22131 4
22136 3
22138 4
22141 1
22143 1
22147 6
22150 19
22152 5
22157 4
22158 4
22169 5
22170 5
22176 3
22177 5
22178 7
22182 15
22184 7
22185 5
22188 2
22190 3
22194 6
22201 5
22205 1
22206 3
22209 1
22220 1
22226 1
22227 7
22230 1
22235 4
22239 5
22251 1
22256 4
22260 6
22264 3
22267 2
22273 10
22276 1
22277 6
22278 5
22281 1
22283 1
22288 3
22289 2
22296 4
22298 1
22301 5
22305 6
22309 10
22310 1
22320 2
22323 9
22332 1
22334 13
22338 3
22339 1
22343 1
22353 5
22354 6
22355 7
22362 3
22367 7
22370 1
22372 4
22375 2
22381 2
22383 3
22391 3
22396 8
22398 6
22400 4
22402 17
22403 17
22407 1
22408 1
22411 2
22412 4
22414 6
22415 6
22416 3
22421 2
22423 2
22425 2
22429 2
22431 2
22434 1
22438 4
22443 1
22445 24
22447 2
22449 15
22454 4
22460 2
22470 2
22476 4
22477 1
22482 2
22484 1
22487 4
22489 6
22491 5
22492 4
22494 8
22499 11
22503 1
22510 8
22514 22
22517 7
22521 2
22525 9
22528 9
22531 2
22532 3
22536 2
22541 8
22543 2
22547 1
22549 1
22555 10
22561 4
22563 5
22569 3
22572 7
22575 6
22577 9
22580 1
22582 1
22592 1
22593 3
22594 7
22602 14
22609 13
22614 3
22616 3
22621 6
22622 6
22624 4
22625 2
22628 3
22632 6
22634 7
22643 6
22644 2
22645 13
22657 4
22666 4
22667 9
22670 2
22673 4
22678 1
22681 6
22683 5
22684 1
22685 4
22687 1
22698 3
22705 11
22708 2
22715 16
22718 2
22725 8
22729 2
22730 5
22732 2
22733 8
22734 5
22745 1
22748 5
22749 12
22756 3
22757 1
22758 6
22759 7
22764 1
22769 1
22770 1
22781 6
22786 4
22790 2
22795 2
22797 1
22808 6
22809 3
22815 5
22816 2
22819 3
22821 1
22825 1
22830 2
22834 1
22836 3
22837 8
22839 1
22842 2
22846 1
22848 3
22850 2
22854 4
22860 9
22866 11
22872 2
22877 2
22878 4
22879 10
22883 6
22887 3
22888 8
22890 1
22891 6
22894 4
22897 3
22898 7
22902 3
22912 3
22919 2
22925 6
22927 1
22930 3
22932 3
22936 3
22945 6
22946 22
22950 7
22961 4
22962 5
22963 2
22969 4
22974 2
22981 7
22987 4
22990 9
22991 5
22994 2
22995 1
22998 4
22999 2
23003 1
23004 13
23011 5
23013 10
23019 6
23021 9
23022 2
23026 2
23030 13
23031 8
23036 3
23039 1
23041 4
23043 1
23048 18
23058 1
23063 2
23072 6
23079 9
23083 2
23084 7
23088 12
23090 1
23093 6
23096 14
23097 6
23102 2
23112 1
23118 13
23122 6
23131 7
23135 4
23141 1
23142 5
23148 1
23151 6
23157 6
23160 1
23163 8
23164 8
23175 5
23176 2
23186 13
23192 1
23194 7
23200 2
23201 3
23209 3
23211 2
23213 3
23214 2
23219 7
23220 16
23221 2
23224 11
23229 2
23233 1
23235 6
23236 7
23239 9
23248 1
23249 3
23250 14
23252 7
23254 6
23259 6
23268 5
23272 2
23273 6
23275 2
23280 4
23281 5
23284 7
23291 3
23294 3
23297 3
23299 17
23300 2
23303 1
23306 6
23307 2
23316 11
23322 2
23325 2
23328 5
23330 2
23335 1
23339 13
23340 6
23348 2
23351 5
23352 6
23366 5
23368 4
23384 2
23390 6
23398 11
23403 6
23405 3
23409 1
23411 2
23415 1
23416 3
23419 5
23423 8
23436 3
23439 6
23440 2
23445 12
23450 1
23462 8
23464 3
23466 2
23471 9
23475 2
23476 1
23482 11
23483 14
23485 6
23490 10
23492 5
23495 2
23499 4
23502 1
23503 5
23506 2
23509 4
23510 2
23513 4
23519 1
23521 18
23523 11
23524 5
23526 3
23528 22
23529 4
23530 10
23533 3
23539 2
23544 5
23549 9
23557 4
23566 14
23573 2
23574 8
23575 3
23582 10
23594 1
23595 1
23597 8
23598 6
23601 1
23605 1
23608 4
23615 8
23617 1
23620 2
23621 1
23624 1
23625 1
23627 1
23631 9
23638 2
23643 6
23647 2
23653 3
23662 8
23663 5
23666 3
23671 11
23672 1
23676 1
23678 1
23693 8
23694 7
23696 6
23702 1
23706 4
23709 1
23712 7
23713 7
23720 3
23724 6
23728 2
23732 2
23738 1
23739 2
23740 5
23741 13
23751 1
23761 1
23762 1
23766 4
23774 12
23781 12
23782 3
23785 6
23788 2
23794 1
23796 4
23800 7
23803 5
23813 3
23815 2
23817 5
23819 2
23832 1
23834 2
23835 7
23838 11
23839 1
23840 2
23841 14
23842 3
23845 4
23846 7
23851 2
23858 20
23867 2
23868 1
23877 4
23878 3
23881 3
23891 1
23893 4
23894 9
23896 4
23898 2
23899 6
23904 4
23910 4
23913 1
23922 9
23934 1
23945 10
23946 1
23947 6
23951 3
23953 6
23954 6
23957 3
23965 3
23967 2
23968 1
23971 13
23973 3
23978 1
23981 4
23993 5
24001 2
24002 5
24003 9
24005 6
24008 3
24016 3
24017 2
24025 5
24034 2
24036 5
24039 2
24041 4
24042 3
24046 4
24055 14
24058 3
24063 11
24065 3
24069 8
24080 2
24082 12
24088 2
24090 4
24100 5
24101 1
24109 2
24111 1
24115 2
24116 1
24122 3
24124 3
24127 3
24134 1
24140 3
24147 3
24155 6
24164 8
24172 4
24179 4
24185 2
24188 6
24197 6
24199 8
24211 1
24216 2
24221 1
24225 5
24230 6
24237 4
24242 5
24244 13
24246 1
24247 2
24249 2
24255 11
24258 2
24265 4
24266 3
24267 1
24273 1
24277 4
24284 1
24285 2
24287 9
24301 1
24303 4
24305 3
24311 3
24322 3
24325 6
24332 1
24342 5
24344 2
24345 2
24353 3
24356 1
24357 1
24366 3
24367 9
24370 2
24374 1
24375 7
24378 2
24379 5
24386 1
24388 1
24391 3
24394 5
24396 3
24400 1
24402 8
24406 6
24412 1
24413 7
24416 4
24418 3
24419 18
24425 6
24428 1
24429 3
24430 1
24434 3
24441 1
24443 1
24457 2
24460 3
24464 5
24465 7
24466 2
24468 2
24473 13
24481 10
24483 2
24492 2
24499 2
24502 2
24506 6
24509 1
24519 12
24522 12
24525 1
24527 7
24543 2
24544 1
24545 1
24546 3
24548 6
24550 7
24554 3
24558 10
24566 6
24568 1
24575 11
24577 1
24578 1
24580 2
24581 2
24587 11
24594 5
24595 2
24604 11
24612 1
24614 4
24616 4
24617 1
24621 6
24624 5
24640 13
24646 12
24648 2
24650 3
24652 9
24653 6
24666 3
24668 4
24674 7
24676 13
24680 21
24681 4
24685 2
24687 9
24688 16
24700 1
24708 5
24709 2
24721 7
24730 2
24732 2
24733 4
24738 4
24743 5
24744 6
24749 5
24754 1
24757 5
24762 7
24763 29
24765 2
24770 4
24779 1
24788 1
24789 4
24792 3
24801 6
24805 7
24818 9
24822 4
24825 8
24826 4
24834 23
24842 2
24855 5
24858 3
24860 2
24862 5
24865 3
24867 5
24874 8
24877 7
24879 3
24881 1
24883 7
24884 1
24886 6
24887 1
24888 5
24891 1
24892 2
24897 1
24899 7
24901 3
24908 3
24909 12
24910 3
24911 1
24922 4
24923 9
24927 13
24928 3
24929 2
24934 3
24937 3
24945 6
24949 3
24952 2
24955 1
24957 5
24959 2
24960 3
24965 1
24966 3
24968 1
24969 1
24970 5
24976 4
24978 1
24984 1
24987 4
24989 8
24991 2
24994 1
24999 2
25001 1
25009 3
25010 2
25014 11
25017 2
25020 2
25026 2
25037 6
25053 6
25058 8
25059 3
25062 3
25065 11
25067 5
25069 21
25070 1
25081 5
25089 3
25090 2
25092 1
25095 2
25099 22
25109 1
25116 1
25120 12
25126 2
25132 1
25137 3
25144 2
25147 1
25148 4
25153 7
25162 6
25165 4
25179 4
25190 1
25194 11
25198 1
25199 2
25200 9
25206 2
25217 2
25223 6
25231 12
25232 8
25233 3
25234 1
25235 5
25236 1
25237 7
25249 1
25250 2
25252 3
25256 3
25261 1
25278 1
25285 5
25286 8
25293 11
25304 10
25308 1
25314 5
25327 3
25333 12
25335 1
25339 13
25342 9
25352 1
25356 2
25357 3
25360 2
25362 15
25364 2
25367 2
25370 2
25372 5
25375 2
25377 3
25387 4
25390 2
25392 1
25396 4
25402 1
25404 9
25409 13
25411 1
25413 8
25415 1
25416 4
25417 2
25420 6
25434 11
25438 5
25447 1
25455 2
25462 10
25469 4
25478 2
25479 5
25485 3
25487 3
25491 1
25493 4
25497 5
25503 1
25508 5
25514 2
25516 4
25524 2
25528 3
25532 17
25542 1
25543 8
25544 3
25548 2
25551 5
25556 6
25557 3
25561 3
25571 2
25575 3
25579 1
25580 4
25588 6
25589 1
25603 11
25610 3
25614 1
25619 8
25628 6
25630 1
25638 1
25639 2
25650 2
25653 2
25655 6
25657 2
25663 5
25665 5
25669 7
25674 3
25681 2
25682 7
25686 4
25689 2
25691 1
25695 1
25704 6
25707 4
25714 12
25718 18
25721 10
25722 14
25724 1
25725 1
25729 4
25731 3
25732 1
25733 13
25735 8
25739 3
25743 10
25744 5
25746 2
25753 10
25757 10
25759 3
25767 6
25768 5
25771 1
25772 5
25776 3
25781 1
25784 10
25795 2
25796 9
25805 1
25806 1
25807 6
25811 7
25812 3
25813 1
25826 4
25839 9
25843 1
25856 2
25857 8
25858 14
25861 5
25866 7
25870 2
25873 7
25879 6
25883 12
25901 1
25902 8
25903 4
25905 7
25906 4
25908 3
25913 3
25914 1
25918 9
25919 12
25922 8
25926 5
25930 4
25932 1
25933 5
25937 1
25938 5
25940 1
25946 8
25949 3
25951 2
25957 4
25958 5
25974 3
25977 2
25979 1
25984 1
25992 9
25995 2
25998 3
26000 4
26010 2
26013 3
26016 2
26018 7
26024 6
26025 13
26028 11
26034 2
26040 2
26042 3
26045 2
26048 9
26052 4
26056 2
26060 6
26076 8
26078 2
26079 4
26081 1
26084 10
26090 6
26095 5
26099 10
26101 4
26102 7
26103 2
26107 8
26112 1
26118 2
26121 1
26123 3
26124 6
26127 7
26130 2
26131 2
26134 8
26136 19
26138 2
26146 1
26151 8
26156 6
26157 1
26165 3
26169 7
26170 5
26180 2
26182 4
26184 3
26198 16
26199 1
26200 1
26201 8
26202 1
26221 2
26232 5
26236 5
26242 1
26244 6
26246 4
26247 1
26248 4
26259 1
26266 15
26278 6
26279 8
26281 3
26282 8
26284 1
26286 6
26291 1
26293 4
26294 3
26297 3
26305 3
26306 2
26321 1
26322 5
26324 5
26325 6
26336 1
26338 1
26339 1
26341 1
26344 4
26352 13
26355 1
26359 3
26361 9
26363 6
26366 1
26377 6
26383 4
26385 2
26387 14
26390 1
26391 1
26393 3
26402 5
26408 10
26414 1
26416 1
26418 1
26424 1
26427 5
26438 7
26439 1
26449 3
26452 6
26455 1
26465 2
26467 1
26474 5
26475 9
26479 22
26481 6
26490 1
26491 3
26493 4
26495 3
26497 2
26499 4
26500 11
26502 3
26504 7
26505 2
26509 16
26521 1
26525 2
26530 3
26535 6
26536 4
26544 4
26545 1
26546 2
26550 2
26554 2
26557 2
26560 2
26561 8
26563 4
26564 6
26568 16
26569 2
26573 4
26579 6
26581 9
26585 3
26587 1
26589 2
26598 5
26600 1
26603 5
26606 1
26607 13
26608 3
26612 1
26616 3
26619 6
26620 3
26624 7
26627 4
26630 2
26632 7
26633 10
26636 1
26638 4
26639 1
26645 7
26651 1
26652 1
26654 5
26658 11
26662 2
26668 5
26672 1
26674 10
26676 1
26685 1
26687 6
26688 3
26691 2
26696 1
26698 4
26704 7
26708 5
26713 1
26715 10
26717 14
26722 6
26726 16
26737 7
26742 7
26746 1
26748 11
26753 7
26758 25
26761 6
26773 5
26775 1
26780 4
26781 1
26783 2
26785 1
26790 7
26794 12
26797 4
26801 2
26806 3
26809 2
26811 2
26817 8
26819 4
26824 1
26825 2
26830 5
26833 4
26835 2
26844 5
26846 9
26848 1
26857 7
26867 21
26876 3
26879 4
26898 12
26905 2
26915 3
26920 9
26921 20
26924 6
26935 1
26940 6
26941 6
26947 1
26950 5
26951 7
26957 2
26959 1
26960 3
26961 10
26965 2
26967 2
26974 4
26976 1
26979 7
26982 11
26983 1
26986 5
26989 2
26990 1
26995 2
27001 7
27004 14
27005 2
27009 1
27013 2
27015 1
27023 5
27026 2
27029 1
27032 6
27036 1
27039 3
27041 3
27044 1
27046 1
27050 3
27054 2
27055 6
27063 1
27071 3
27073 2
27075 2
27077 1
27079 5
27082 3
27084 4
27089 8
27096 3
27100 2
27101 1
27103 1
27104 4
27107 7
27112 1
27115 6
27120 1
27121 1
27127 6
27135 1
27137 3
27141 7
27146 5
27147 9
27159 12
27169 9
27173 1
27176 8
27181 8
27182 5
27187 3
27192 4
27195 2
27196 4
27197 18
27199 8
27202 1
27206 1
27210 4
27212 7
27214 5
27219 3
27223 1
27224 1
27226 7
27227 7
27228 13
27232 4
27234 11
27237 3
27239 5
27240 2
27241 1
27243 4
27245 2
27248 13
27250 1
27252 2
27254 1
27258 4
27259 11
27266 1
27268 1
27271 11
27278 4
27287 1
27291 5
27297 1
27304 8
27306 2
27313 3
27323 1
27326 12
27327 7
27328 10
27332 2
27335 17
27339 3
27340 3
27344 3
27345 1
27350 5
27351 5
27359 2
27362 7
27365 7
27366 2
27380 17
27381 3
27382 16
27384 9
27395 1
27400 4
27402 6
27403 1
27409 2
27414 8
27416 3
27423 5
27425 3
27426 4
27427 12
27429 4
27430 2
27431 8
27437 5
27439 11
27449 2
27453 8
27458 6
27463 1
27465 3
27469 6
27473 4
27492 4
27497 5
27512 3
27514 2
27518 11
27520 11
27534 7
27539 3
27540 20
27541 1
27546 1
27548 2
27549 3
27550 5
27568 7
27572 1
27580 1
27581 1
27583 2
27593 1
27600 1
27610 8
27617 2
27621 12
27623 3
27630 3
27634 17
27640 7
27643 2
27645 2
27647 13
27655 5
27658 2
27660 1
27665 2
27667 4
27669 6
27674 12
27678 9
27683 1
27688 2
27695 6
27704 7
27705 1
27709 6
27710 1
27716 1
27718 1
27721 2
27724 3
27725 1
27726 1
27728 3
27739 2
27741 1
27747 9
27752 3
27760 1
27765 5
27767 13
27771 4
27775 2
27776 3
27777 2
27779 2
27780 4
27784 1
27786 14
27787 1
27795 6
27797 5
27798 1
27801 4
27802 1
27803 1
27806 3
27808 6
27810 2
27811 7
27813 4
27816 4
27817 1
27821 8
27822 1
27823 4
27824 3
27825 2
27831 2
27837 8
27842 1
27846 1
27847 1
27850 6
27851 10
27853 2
27861 15
27864 3
27866 1
27872 1
27874 12
27875 3
27887 9
27896 2
27898 9
27902 1
27908 4
27911 2
27912 8
27924 2
27926 1
27931 2
27936 3
27947 9
27951 14
27953 5
27955 10
27957 4
27963 2
27964 5
27977 8
27979 8
27980 15
27984 1
27995 7
27996 5
27998 3
28003 1
28006 10
28010 2
28021 4
28023 8
28024 6
28026 11
28030 16
28032 1
28046 2
28062 4
28063 5
28068 2
28070 3
28071 2
28093 4
28096 15
28101 3
28107 1
28108 2
28109 22
28111 1
28113 7
28115 13
28117 7
28123 1
28128 7
28130 1
28131 10
28140 3
28142 7
28148 19
28149 15
28157 2
28167 2
28170 12
28174 12
28177 1
28178 3
28180 6
28181 1
28183 1
28184 5
28190 3
28193 3
28205 14
28213 1
28219 1
28223 4
28226 1
28229 3
28235 15
28237 3
28243 9
28250 15
28252 6
28256 3
28257 1
28260 4
28262 3
28266 4
28272 7
28275 5
28276 6
28278 1
28283 3
28285 4
28293 2
28299 2
28301 25
28302 1
28307 5
28309 6
28312 7
28313 5
28336 1
28337 2
28339 2
28347 1
28348 3
28349 3
28353 4
28354 19
28360 2
28363 4
28367 4
28368 3
28370 1
28372 9
28373 1
28379 1
28381 1
28382 16
28385 5
28390 2
28419 3
28421 8
28424 1
28429 4
28433 2
28438 7
28440 1
28441 4
28443 8
28447 2
28450 1
28451 1
28452 4
28455 6
28456 3
28464 1
28466 9
28469 4
28475 4
28478 2
28483 2
28484 10
28496 3
28499 1
28507 1
28513 1
28514 11
28517 8
28519 2
28521 2
28523 2
28527 3
28529 5
28532 6
28533 8
28550 4
28552 13
28560 3
28561 7
28564 1
28567 2
28572 2
28576 2
28578 22
28581 2
28592 7
28600 3
28607 6
28610 1
28618 4
28620 6
28627 3
28628 4
28632 1
28633 2
28636 4
28645 3
28648 10
28649 8
28650 2
28653 1
28657 2
28659 5
28660 1
28661 4
28665 3
28666 1
28672 3
28673 5
28680 7
28683 11
28689 2
28696 3
28697 3
28699 2
28704 1
28705 1
28716 26
28718 9
28732 6
28740 1
28743 1
28748 2
28751 5
28754 4
28757 10
28766 3
28770 9
28776 5
28779 4
28782 2
28787 1
28788 4
28789 2
28792 3
28801 2
28804 2
28811 1
28812 4
28817 4
28828 17
28830 2
28835 2
28836 6
28842 5
28843 6
28844 2
28847 1
28853 3
28855 9
28856 4
28859 2
28860 1
28861 11
28872 3
28875 11
28877 6
28879 11
28881 14
28883 6
28884 3
28887 3
28892 3
28896 1
28898 2
28908 5
28909 2
28919 4
28926 5
28929 1
28932 4
28939 9
28951 3
28955 5
28963 7
28964 20
28968 6
28970 4
28977 3
28979 6
28981 5
28984 9
28985 4
28986 3
28990 2
28994 6
28996 6
29005 4
29007 3
29016 8
29021 1
29022 2
29023 3
29036 3
29039 1
29042 2
29045 6
29048 10
29054 4
29055 1
29057 5
29059 5
29061 5
29065 3
29070 1
29074 1
29079 2
29084 17
29089 2
29095 1
29098 2
29099 3
29103 6
29104 15
29108 9
29110 4
29114 11
29117 8
29118 7
29119 4
29122 2
29127 3
29134 4
29135 3
29138 4
29141 5
29143 6
29144 9
29145 9
29147 10
29153 1
29156 11
29157 7
29163 12
29165 12
29166 2
29167 1
29171 3
29176 10
29177 21
29179 5
29186 1
29188 1
29192 7
29194 2
29197 1
29213 2
29214 3
29217 1
29226 2
29227 6
29239 2
29242 4
29245 1
29252 3
29258 4
29263 1
29269 7
29272 4
29273 7
29274 1
29275 2
29276 7
29278 5
29280 4
29292 6
29299 1
29303 4
29304 3
29305 1
29319 1
29327 7
29329 1
29337 4
29339 6
29342 1
29349 3
29350 6
29351 2
29354 6
29361 2
29362 2
29365 20
29366 4
29376 2
29378 2
29379 3
29380 1
29383 2
29384 2
29385 15
29386 2
29391 2
29394 4
29396 2
29398 4
29399 5
29400 5
29403 3
29406 5
29408 10
29411 1
29422 2
29429 9
29430 4
29432 2
29434 2
29448 14
29451 3
29457 2
29460 1
29461 3
29465 19
29467 7
29468 19
29472 4
29478 11
29483 10
29490 3
29491 5
29493 5
29495 1
29496 10
29500 3
29502 6
29508 18
29512 1
29516 3
29517 1
29519 3
29524 2
29531 7
29538 2
29540 4
29541 18
29549 11
29553 6
29555 18
29559 1
29572 3
29574 6
29588 7
29589 5
29599 2
29607 13
29614 4
29617 9
29618 1
29622 8
29623 6
29624 1
29628 3
29635 6
29638 7
29642 14
29645 14
29648 3
29654 2
29658 7
29660 6
29665 1
29666 8
29673 3
29677 3
29684 3
29685 3
29688 2
29691 2
29693 2
29694 7
29698 2
29703 7
29707 9
29708 1
29709 21
29710 3
29712 2
29717 1
29719 17
29722 18
29724 2
29726 6
29728 4
29729 4
29732 4
29754 5
29756 1
29758 16
29759 2
29761 3
29762 10
29768 1
29774 7
29779 2
29783 5
29786 1
29791 2
29793 3
29795 5
29797 2
29801 13
29803 1
29806 7
29810 1
29813 9
29814 10
29815 2
29816 2
29818 4
29819 4
29824 1
29836 2
29838 4
29847 4
29853 3
29858 8
29865 2
29881 6
29883 2
29886 1
29895 6
29896 3
29905 1
29919 10
29921 3
29930 4
29933 2
29934 2
29935 10
29937 8
29940 2
29945 2
29946 5
29952 1
29956 8
29961 3
29962 4
29968 3
29970 7
29973 1
29976 1
29983 3
29985 10
29989 1
30000 4
30001 2
30003 1
30010 6
30012 1
30015 1
30018 2
30021 2
30026 14
30029 5
30031 2
30035 13
30036 1
30037 13
30040 4
30052 3
30054 2
30055 15
30057 4
30071 11
30078 2
30084 2
30085 3
30088 3
30089 4
30095 6
30100 1
30106 16
30109 11
30111 6
30115 3
30122 2
30129 1
30130 13
30131 24
30134 3
30140 14
30142 2
30150 2
30151 3
30154 3
30155 1
30156 18
30158 6
30162 6
30163 6
30167 1
30168 1
30170 6
30171 3
30173 9
30180 1
30182 1
30186 1
30187 6
30190 4
30192 3
30194 3
30195 7
30197 4
30198 1
30199 3
30201 7
30204 2
30205 4
30209 2
30216 2
30217 3
30218 1
30224 8
30226 5
30229 6
30233 12
30236 28
30238 4
30239 6
30242 4
30243 3
30248 1
30252 3
30262 5
30265 7
30267 2
30268 4
30278 7
30279 4
30280 8
30283 7
30289 3
30294 2
30295 19
30300 3
30308 6
30312 8
30314 2
30317 1
30318 3
30319 1
30326 8
30340 2
30354 3
30355 3
30356 2
30357 22
30361 4
30362 4
30369 3
30370 1
30373 1
30374 1
30376 1
30381 3
30385 8
30391 1
30394 3
30408 1
30411 10
30412 20
30414 3
30421 5
30424 3
30425 5
30427 12
30428 10
30445 3
30447 2
30450 1
30453 1
30458 4
30463 1
30467 1
30472 4
30478 3
30484 4
30495 2
30501 4
30508 2
30509 4
30512 2
30516 5
30518 1
30527 2
30530 4
30535 1
30536 2
30538 3
30539 1
30551 4
30552 8
30556 1
30559 14
30572 4
30573 5
30576 10
30582 3
30585 1
30592 1
30595 5
30600 18
30602 1
30604 3
30606 2
30608 2
30609 12
30610 32
30615 9
30620 3
30624 10
30625 3
30627 5
30631 1
30645 8
30650 5
30664 2
30665 1
30667 12
30668 8
30676 2
30679 7
30683 4
30686 2
30694 3
30695 3
30696 4
30697 2
30699 8
30705 11
30707 2
30708 3
30709 5
30719 6
30725 8
30739 2
30742 5
30743 1
30744 10
30747 13
30748 3
30750 3
30753 1
30754 1
30756 6
30761 7
30773 4
30774 5
30780 2
30781 10
30782 8
30783 11
30787 2
30789 3
30791 4
30792 12
30796 1
30799 3
30800 3
30807 4
30811 1
30820 12
30823 7
30824 1
30826 9
30833 2
30834 4
30835 2
30838 1
30844 1
30849 9
30850 3
30854 2
30862 3
30864 7
30884 16
30886 4
30887 12
30888 3
30894 3
30896 2
30901 1
30905 4
30917 6
30919 2
30920 6
30925 6
30931 3
30937 1
30943 6
30950 4
30952 3
30955 1
30962 7
30963 6
30972 2
30976 18
30977 3
30980 10
30983 4
30986 3
30992 8
30993 1
30994 2
30997 2
31008 2
31017 4
31038 2
31043 1
31051 3
31063 9
31090 1
31094 5
31101 8
31106 2
31107 6
31110 6
31117 14
31119 2
31139 4
31140 3
31141 5
31143 7
31146 7
31149 9
31154 8
31155 6
31156 8
31160 11
31166 8
31167 5
31173 18
31176 2
31177 4
31179 3
31181 3
31182 4
31187 1
31189 5
31191 3
31195 14
31196 5
31202 8
31209 1
31211 6
31214 6
31219 8
31226 3
31228 1
31230 1
31231 5
31241 4
31242 1
31249 2
31253 2
31264 1
31272 14
31275 1
31278 3
31280 2
31281 2
31282 1
31291 4
31293 1
31301 4
31304 9
31306 6
31308 1
31313 2
31314 5
31320 3
31322 6
31326 4
31327 3
31334 4
31336 3
31338 6
31340 1
31341 3
31342 1
31349 4
31350 13
31351 4
31355 1
31362 1
31363 3
31364 1
31365 3
31368 1
31372 7
31373 5
31374 2
31377 3
31378 6
31383 1
31384 1
31385 5
31391 3
31395 10
31396 6
31397 2
31398 8
31405 2
31406 1
31408 4
31409 6
31410 1
31414 1
31418 2
31420 8
31422 2
31425 1
31427 13
31431 1
31432 2
31437 4
31451 8
31453 1
31458 11
31464 1
31471 2
31472 11
31475 2
31477 1
31481 12
31482 2
31489 3
31490 1
31494 3
31502 2
31503 3
31507 1
31509 1
31511 3
31517 3
31518 3
31520 5
31531 1
31534 1
31539 3
31540 4
31550 3
31554 14
31556 13
31559 8
31561 6
31563 12
31569 1
31573 5
31576 10
31577 23
31582 16
31585 4
31590 2
31591 5
31597 6
31601 5
31606 1
31616 1
31621 1
31622 3
31624 15
31625 1
31628 3
31631 1
31632 8
31633 4
31634 1
31637 1
31638 10
31641 11
31648 8
31650 2
31651 8
31662 2
31663 2
31667 1
31671 2
31674 1
31676 3
31680 6
31692 10
31704 1
31716 2
31724 2
31737 7
31745 3
31750 1
31752 4
31754 7
31756 4
31759 1
31761 5
31763 7
31767 3
31774 6
31775 21
31778 5
31783 1
31793 8
31796 12
31801 4
31803 9
31805 2
31809 19
31810 3
31814 6
31819 4
31827 3
31834 1
31837 25
31839 2
31848 6
31851 1
31852 3
31853 3
31854 7
31855 3
31856 4
31858 4
31877 2
31880 4
31881 1
31886 2
31896 3
31901 10
31903 4
31906 27
31914 10
31917 2
31922 2
31923 1
31927 4
31931 6
31934 2
31935 5
31949 2
31953 4
31960 7
31961 1
31964 3
31970 2
31973 7
31975 10
31986 1
31992 4
31997 2
31998 3
32001 4
32004 9
32006 5
32008 2
32013 2
32019 8
32020 3
32022 2
32028 1
32032 5
32033 10
32047 8
32058 11
32060 11
32062 3
32064 8
32066 3
32069 5
32071 1
32072 2
32078 1
32079 2
32082 1
32083 6
32085 3
32086 7
32089 4
32092 4
32094 2
32095 1
32096 1
32100 1
32104 1
32107 3
32132 3
32138 11
32139 1
32141 9
32144 3
32146 3
32147 17
32151 1
32158 8
32159 4
32172 2
32173 2
32175 9
32177 3
32179 9
32183 3
32188 16
32203 2
32213 15
32220 9
32226 3
32227 6
32229 2
32234 3
32237 9
32240 4
32241 6
32242 2
32243 3
32247 7
32248 8
32253 1
32254 3
32256 7
32259 1
32270 5
32273 5
32274 5
32275 5
32280 5
32282 4
32288 5
32291 9
32292 4
32295 2
32299 15
32303 4
32305 3
32332 2
32342 6
32344 19
32346 5
32347 8
32355 5
32357 4
32360 1
32361 4
32370 3
32371 5
32374 4
32375 2
32378 6
32379 1
32380 1
32381 3
32382 2
32392 8
32394 10
32395 1
32397 7
32399 8
32409 3
32416 20
32418 5
32425 4
32429 12
32432 9
32435 3
32436 4
32447 1
32451 5
32454 1
32460 2
32461 2
32464 9
32467 12
32468 3
32469 3
32472 1
32477 2
32479 11
32485 6
32486 2
32488 5
32491 13
32493 8
32500 2
32503 5
32517 1
32522 9
32535 2
32538 3
32541 10
32566 5
32568 17
32575 2
32579 2
32585 2
32588 1
32592 3
32598 1
32608 1
32618 1
32625 2
32629 2
32630 9
32632 2
32634 2
32639 3
32640 11
32645 1
32649 5
32652 8
32660 4
32669 5
32671 2
32673 4
32675 3
32683 11
32687 7
32689 1
32690 3
32692 15
32698 3
32702 6
32704 5
32708 2
32709 3
32711 4
32713 6
32715 3
32718 4
32719 1
32722 8
32724 1
32725 2
32726 1
32731 3
32734 2
32741 10
32742 5
32744 12
32745 5
32747 1
32751 12
32753 4
32760 1
32762 8
32763 4
32767 4
32774 1
32775 5
32776 2
32791 3
32795 2
32798 2
32800 4
32801 5
32805 1
32806 3
32808 1
32810 5
32812 4
32813 5
32817 1
32826 1
32828 1
32838 1
32840 6
32841 3
32852 4
32859 1
32864 10
32867 1
32873 1
32883 6
32884 4
32887 8
32888 2
32889 9
32890 1
32893 2
32897 4
32899 8
32900 5
32901 8
32902 4
32916 4
32926 10
32927 1
32933 1
32938 2
32941 5
32955 1
32969 2
32974 6
32984 2
32986 3
32992 1
33013 1
33014 1
33020 6
33021 3
33023 5
33024 3
33030 12
33032 1
33037 2
33039 9
33040 2
33043 3
33045 4
33048 11
33059 4
33061 12
33063 10
33067 6
33068 2
33070 3
33073 1
33078 1
33080 6
33084 4
33088 2
33090 2
33094 4
33097 10
33098 4
33101 8
33102 3
33105 1
33109 4
33110 3
33112 2
33115 3
33116 2
33120 2
33122 2
33124 6
33128 17
33129 2
33135 21
33138 3
33141 2
33145 6
33153 4
33156 2
33157 3
33172 10
33174 4
33175 3
33183 2
33190 3
33192 6
33194 3
33199 5
33200 6
33210 2
33211 12
33217 5
33220 2
33227 2
33233 6
33235 3
33239 6
33245 7
33246 1
33249 6
33250 1
33252 5
33254 1
33262 10
33264 3
33265 5
33274 2
33276 1
33280 2
33287 6
33288 2
33290 1
33292 6
33303 3
33305 2
33306 14
33312 3
33314 10
33316 3
33320 3
33325 20
33327 2
33332 5
33334 6
33337 9
33340 1
33343 2
33346 1
33351 12
33353 7
33356 2
33359 8
33361 2
33362 6
33365 4
33369 4
33383 1
33390 2
33395 6
33397 1
33407 10
33419 1
33422 9
33423 5
33424 4
33426 3
33429 10
33440 1
33441 1
33442 12
33443 3
33446 6
33450 2
33451 7
33453 5
33457 5
33465 1
33477 1
33479 6
33480 2
33481 2
33482 3
33484 12
33485 8
33487 1
33494 4
33498 6
33499 3
33501 5
33507 35
33515 10
33532 1
33535 17
33543 2
33559 2
33562 1
33576 7
33582 4
33593 3
33594 6
33595 4
33597 1
33600 6
33601 1
33608 7
33618 8
33622 4
33632 3
33640 8
33641 16
33642 2
33643 3
33649 14
33652 2
33655 4
33656 2
33663 3
33665 4
33666 3
33669 2
33670 1
33679 2
33683 11
33688 5
33690 1
33691 6
33692 1
33696 12
33699 5
33700 15
33701 7
33706 2
33708 4
33714 3
33721 4
33723 2
33729 7
33736 11
33745 4
33746 2
33748 5
33750 1
33754 9
33756 2
33768 20
33771 4
33777 4
33779 7
33780 12
33782 4
33789 1
33790 4
33798 3
33804 1
33808 2
33810 6
33811 7
33814 1
33816 1
33817 8
33828 3
33829 2
33830 1
33831 4
33847 2
33848 2
33849 1
33858 2
33859 7
33860 3
33862 1
33863 11
33865 6
33873 11
33876 2
33877 17
33889 14
33892 4
33898 10
33902 1
33907 10
33913 2
33916 4
33920 11
33928 4
33931 2
33938 3
33942 3
33944 9
33949 9
33957 11
33959 1
33968 6
33970 13
33971 4
33975 1
33976 3
33977 1
33980 5
33983 1
33987 1
33989 6
33990 3
33996 11
34007 2
34008 1
34012 26
34018 10
34021 6
34022 2
34023 3
34024 7
34035 5
34036 3
34039 12
34044 2
34045 4
34047 5
34050 1
34052 10
34055 5
34056 1
34058 3
34059 5
34064 1
34066 5
34072 2
34073 15
34078 3
34079 3
34082 4
34089 4
34091 2
34096 3
34100 4
34104 2
34105 1
34112 7
34125 7
34127 4
34132 7
34133 1
34145 3
34150 10
34154 6
34160 3
34161 2
34165 1
34167 1
34171 3
34173 6
34177 2
34181 11
34188 1
34193 1
34201 6
34211 5
34212 11
34215 1
34218 4
34219 2
34223 1
34225 1
34228 5
34230 1
34251 4
34254 7
34255 5
34256 10
34257 1
34258 1
34259 12
34262 4
34265 3
34273 4
34277 10
34278 6
34280 3
34283 1
34285 11
34289 4
34294 2
34297 2
34303 4
34306 3
34307 7
34308 7
34314 1
34320 1
34321 2
34324 4
34330 1
34338 5
34341 2
34344 8
34345 3
34349 1
34350 4
34355 5
34356 18
34363 15
34367 2
34370 15
34380 1
34382 4
34383 6
34385 1
34388 2
34392 16
34399 3
34403 2
34411 3
34416 3
34420 9
34434 16
34435 5
34436 2
34438 9
34447 13
34448 4
34452 12
34461 2
34463 2
34464 6
34466 1
34467 6
34473 1
34475 7
34476 7
34479 5
34480 4
34484 1
34485 1
34487 4
34488 10
34490 1
34491 3
34497 4
34500 2
34503 4
34507 1
34512 6
34515 4
34522 3
34523 1
34532 6
34536 7
34538 1
34540 1
34541 3
34542 1
34547 4
34548 2
34552 3
34553 5
34554 27
34559 5
34564 3
34568 8
34570 2
34573 2
34580 3
34582 8
34590 3
34593 10
34594 5
34595 5
34601 1
34603 7
34607 21
34612 16
34614 4
34617 7
34618 6
34622 2
34630 3
34631 3
34633 3
34634 5
34638 4
34643 6
34656 1
34658 15
34660 1
34661 3
34665 5
34666 5
34675 4
34677 1
34678 7
34679 4
34680 1
34681 1
34682 6
34683 4
34686 6
34691 3
34695 6
34699 2
34709 15
34711 5
34712 1
34715 4
34719 6
34722 16
34723 4
34727 2
34737 4
34739 8
34742 5
34744 5
34766 7
34774 5
34775 1
34780 2
34784 2
34789 4
34790 10
34794 1
34796 4
34797 1
34801 5
34803 11
34805 6
34808 13
34811 14
34838 1
34839 6
34841 4
34848 8
34856 5
34859 3
34862 1
34863 2
34866 7
34871 17
34872 4
34874 7
34884 6
34890 4
34893 6
34897 1
34901 2
34903 1
34904 4
34905 2
34908 5
34911 7
34912 4
34924 1
34925 7
34931 4
34940 8
34946 4
34948 14
34951 7
34954 17
34957 5
34958 6
34968 2
34970 15
34980 4
34984 11
34985 2
34993 15
34995 3
34998 6
35001 3
35009 3
35016 1
35035 9
35037 16
35038 1
35042 1
35047 1
35048 3
35049 8
35059 3
35063 8
35068 2
35070 4
35072 2
35081 4
35082 1
35085 5
35091 2
35093 5
35098 1
35099 3
35104 5
35105 5
35106 1
35108 2
35111 5
35114 4
35119 1
35124 5
35130 37
35136 3
35141 17
35142 6
35151 2
35163 21
35165 1
35166 1
35168 2
35170 3
35175 6
35183 1
35187 10
35189 16
35193 4
35198 6
35199 2
35204 5
35211 7
35213 8
35216 14
35217 4
35220 8
35223 10
35228 3
35229 3
35230 3
35233 2
35237 5
35240 4
35243 6
35244 3
35250 4
35254 14
35255 13
35257 5
35258 1
35264 12
35267 5
35270 1
35271 3
35272 9
35273 1
35275 5
35287 5
35288 1
35289 3
35293 3
35302 5
35325 7
35329 1
35334 4
35336 3
35337 5
35342 2
35350 6
35351 12
35353 1
35360 4
35365 5
35369 1
35382 1
35384 10
35389 5
35391 1
35396 8
35400 5
35402 2
35404 2
35406 7
35409 7
35410 2
35411 7
35413 1
35414 5
35415 9
35420 15
35421 5
35425 2
35429 1
35433 7
35437 1
35444 20
35446 2
35451 1
35453 9
35459 1
35460 3
35461 1
35463 3
35472 1
35473 1
35476 2
35481 5
35483 9
35484 5
35487 2
35488 4
35495 4
35498 4
35499 9
35510 2
35512 19
35516 2
35520 4
35521 3
35526 1
35527 4
35528 3
35537 8
35540 1
35543 4
35546 3
35552 1
35553 7
35554 1
35557 2
35558 2
35560 8
35561 2
35564 5
35573 1
35586 6
35600 2
35604 4
35606 4
35613 5
35615 5
35617 2
35620 1
35625 2
35629 4
35630 1
35634 2
35635 7
35638 6
35639 4
35642 3
35651 3
35663 3
35669 11
35674 1
35681 5
35684 5
35687 3
35689 7
35699 7
35705 2
35706 4
35712 1
35720 5
35724 7
35725 1
35729 3
35733 4
35737 8
35741 4
35743 2
35745 1
35747 1
35752 3
35755 3
35760 5
35772 3
35773 5
35775 1
35777 12
35778 1
35781 1
35782 1
35783 9
35785 5
35791 3
35794 4
35798 9
35812 11
35815 4
35818 1
35820 8
35825 2
35826 9
35845 4
35846 8
35848 1
35859 9
35860 15
35861 4
35868 11
35874 1
35876 3
35877 15
35878 2
35882 1
35885 4
35886 8
35890 1
35891 3
35892 4
35893 3
35900 10
35903 3
35904 1
35907 1
35918 3
35925 1
35926 5
35936 2
35937 2
35940 9
35947 2
35948 3
35953 6
35957 6
35958 10
35961 6
35963 2
35965 1
35967 6
35969 4
35974 2
35976 1
35977 10
35978 8
35980 9
35989 4
35991 20
35992 5
35993 3
35994 3
36012 3
36029 5
36030 2
36033 5
36034 6
36035 1
36036 4
36037 6
36047 4
36048 5
36051 2
36087 1
36088 3
36089 1
36090 1
36091 24
36096 3
36102 5
36110 3
36115 8
36117 6
36125 3
36129 5
36133 2
36136 5
36141 14
36142 2
36144 4
36147 3
36148 27
36150 26
36156 1
36162 2
36164 1
36165 8
36168 4
36171 3
36172 7
36176 14
36177 6
36179 8
36180 6
36184 5
36188 6
36193 8
36194 2
36200 5
36202 4
36209 9
36210 2
36216 1
36219 26
36223 7
36224 11
36231 18
36232 16
36240 2
36243 3
36247 3
36248 11
36254 6
36256 6
36264 3
36265 2
36267 11
36269 5
36270 11
36276 7
36290 1
36291 1
36293 10
36296 2
36298 5
36303 9
36305 3
36310 3
36317 1
36320 12
36324 3
36326 2
36331 2
36333 3
36341 2
36342 3
36345 2
36346 2
36349 5
36351 1
36356 8
36364 14
36370 9
36376 1
36377 1
36382 2
36384 4
36385 8
36391 2
36394 6
36403 1
36409 2
36410 3
36412 2
36415 1
36418 4
36424 16
36429 6
36434 4
36439 3
36443 6
36449 4
36453 5
36455 3
36466 1
36468 7
36475 1
36476 2
36478 12
36479 6
36480 8
36484 5
36486 7
36489 1
36496 1
36505 7
36506 1
36508 6
36509 8
36512 2
36524 9
36532 3
36534 15
36535 10
36536 5
36542 1
36544 11
36557 3
36559 21
36560 2
36566 3
36570 2
36572 8
36576 1
36578 9
36582 8
36588 9
36599 5
36606 11
36607 5
36617 11
36618 3
36621 2
36623 2
36626 4
36630 2
36632 3
36643 1
36646 12
36654 7
36656 2
36659 2
36668 5
36669 1
36672 3
36673 2
36674 13
36675 1
36688 2
36690 5
36695 2
36700 2
36703 4
36704 12
36716 2
36728 4
36733 5
36734 1
36738 1
36747 4
36748 12
36750 1
36754 2
36758 3
36761 7
36764 2
36767 1
36770 4
36780 1
36783 3
36784 7
36786 12
36788 3
36791 1
36798 4
36800 3
36801 14
36809 2
36810 1
36816 2
36818 1
36820 3
36822 1
36829 2
36830 4
36832 7
36834 3
36839 15
36842 1
36844 5
36848 2
36856 3
36859 7
36862 2
36867 1
36875 1
36877 9
36880 3
36882 1
36883 3
36888 5
36893 1
36896 7
36900 2
36905 11
36919 6
36921 12
36925 2
36934 6
36935 3
36936 13
36940 15
36947 2
36949 6
36950 6
36954 4
36957 2
36961 1
36965 5
36967 8
36978 9
36981 1
36986 6
36987 4
36995 3
36997 2
37001 1
37003 3
37008 6
37010 2
37013 12
37017 17
37022 2
37025 8
37027 6
37031 9
37032 3
37034 2
37044 3
37050 3
37061 3
37063 2
37065 8
37070 5
37071 5
37073 1
37075 6
37077 3
37082 3
37093 5
37095 1
37098 6
37099 1
37113 8
37125 3
37157 1
37163 5
37168 1
37171 2
37180 12
37181 2
37183 10
37184 1
37191 3
37192 1
37201 5
37207 9
37211 8
37217 9
37219 3
37222 5
37223 1
37224 7
37226 7
37228 2
37229 1
37238 9
37240 4
37245 17
37246 3
37251 8
37254 2
37258 2
37259 6
37262 15
37263 4
37267 2
37274 14
37276 5
37283 2
37290 10
37296 5
37330 1
37335 2
37339 1
37342 1
37352 2
37357 16
37363 15
37370 4
37374 2
37376 1
37378 2
37381 1
37387 2
37388 4
37391 6
37394 18
37405 3
37406 4
37409 8
37415 2
37417 1
37418 12
37421 1
37425 3
37429 2
37430 4
37436 1
37437 9
37445 3
37449 6
37451 7
37458 1
37459 3
37461 2
37464 2
37471 20
37477 3
37478 2
37481 2
37486 2
37488 6
37492 4
37495 1
37499 3
37500 1
37515 2
37519 9
37520 1
37524 2
37540 2
37543 2
37544 1
37549 9
37552 1
37555 5
37558 1
37568 2
37569 1
37580 5
37584 4
37589 2
37592 3
37598 9
37601 5
37603 3
37613 4
37615 2
37616 3
37617 9
37619 5
37621 2
37624 2
37632 1
37637 5
37642 1
37643 6
37645 2
37647 9
37650 4
37652 3
37670 1
37682 5
37684 1
37692 2
37707 15
37713 12
37717 6
37718 3
37730 3
37740 1
37744 12
37749 3
37755 10
37760 2
37766 2
37769 2
37777 12
37784 5
37788 1
37790 6
37791 3
37792 4
37796 1
37798 5
37810 2
37812 3
37816 5
37819 8
37820 2
37823 2
37828 4
37831 8
37833 3
37844 10
37846 11
37855 6
37858 4
37866 4
37868 2
37870 1
37875 7
37881 20
37884 11
37889 2
37891 4
37892 2
37893 4
37894 12
37895 18
37897 2
37898 7
37899 14
37910 11
37911 2
37923 8
37930 5
37935 1
37945 2
37946 2
37949 1
37954 6
37956 8
37957 5
37958 10
37963 3
37966 2
37969 9
37988 2
38002 1
38004 2
38006 8
38010 5
38011 6
38012 10
38021 1
38024 8
38030 2
38031 1
38037 1
38039 6
38043 1
38044 4
38046 7
38049 18
38051 4
38052 1
38054 2
38061 9
38062 2
38063 1
38067 2
38071 23
38075 2
38076 5
38087 8
38090 3
38094 7
38099 3
38102 2
38103 4
38107 5
38113 1
38114 5
38117 2
38120 6
38124 4
38125 2
38126 3
38128 3
38133 8
38134 2
38137 24
38146 7
38150 2
38152 8
38153 2
38154 10
38163 6
38164 3
38174 2
38178 16
38179 2
38184 6
38194 5
38197 1
38202 3
38209 1
38213 2
38215 4
38221 1
38222 4
38229 3
38231 25
38243 2
38247 2
38248 11
38249 1
38251 5
38254 9
38255 1
38257 4
38267 2
38271 6
38279 13
38286 1
38287 2
38293 36
38294 5
38295 5
38296 4
38304 4
38306 6
38308 12
38309 2
38327 3
38336 2
38338 10
38339 17
38345 1
38346 4
38359 2
38367 2
38377 1
38379 3
38381 4
38385 2
38388 14
38389 7
38390 3
38393 1
38397 1
38399 5
38400 1
38403 1
38404 1
38407 5
38409 11
38416 2
38417 12
38418 5
38424 3
38425 1
38426 4
38433 8
38438 5
38443 1
38447 11
38449 8
38452 2
38453 6
38454 5
38455 4
38462 1
38465 1
38472 1
38473 1
38475 2
38477 1
38479 3
38480 4
38481 3
38482 3
38484 3
38488 2
38489 5
38490 2
38491 3
38497 4
38499 6
38502 3
38505 8
38508 1
38511 11
38512 6
38522 4
38527 5
38533 7
38537 8
38538 2
38539 10
38541 9
38547 1
38551 7
38560 32
38564 2
38580 4
38582 2
38584 3
38588 1
38595 1
38599 3
38602 1
38604 8
38610 1
38611 7
38615 7
38616 1
38617 3
38619 2
38631 7
38632 3
38633 1
38635 5
38650 3
38657 2
38661 8
38673 2
38680 1
38686 1
38687 17
38689 2
38691 1
38693 9
38694 5
38696 3
38698 2
38699 10
38701 1
38702 1
38703 2
38706 2
38714 5
38715 4
38718 3
38722 1
38731 1
38737 1
38738 2
38744 13
38746 3
38747 5
38748 1
38751 3
38753 5
38759 4
38762 17
38766 2
38767 3
38773 5
38775 2
38791 4
38794 4
38796 5
38799 19
38803 3
38809 1
38811 14
38818 5
38823 4
38825 5
38826 3
38832 6
38834 4
38836 29
38837 5
38838 19
38842 6
38849 2
38855 4
38857 1
38871 10
38873 1
38882 1
38883 6
38890 1
38891 2
38893 2
38894 3
38898 6
38904 2
38905 3
38914 4
38915 11
38919 3
38920 13
38921 2
38927 8
38931 11
38932 3
38933 2
38943 4
38945 14
38950 11
38959 7
38960 14
38961 7
38962 4
38974 6
38982 1
38984 1
38985 5
38989 14
38990 18
38994 3
38995 4
39001 1
39004 10
39008 8
39011 1
39013 1
39014 8
39016 10
39017 2
39019 2
39021 2
39031 1
39033 3
39035 4
39038 5
39042 8
39050 17
39053 4
39059 10
39060 7
39065 17
39075 3
39077 4
39079 9
39082 2
39083 1
39091 3
39092 2
39095 1
39099 2
39100 5
39103 5
39109 3
39113 3
39114 1
39116 2
39119 10
39121 1
39126 2
39128 3
39131 6
39133 2
39135 6
39138 1
39140 8
39147 4
39148 3
39153 5
39154 6
39162 1
39164 2
39167 1
39168 5
39171 2
39172 5
39173 1
39176 11
39184 5
39188 11
39193 1
39202 4
39203 4
39205 1
39207 13
39209 5
39210 10
39214 4
39215 6
39216 2
39224 8
39228 1
39233 7
39236 1
39237 7
39246 2
39248 7
39257 3
39259 2
39264 18
39266 5
39269 1
39270 2
39271 4
39288 1
39291 8
39299 1
39301 3
39303 5
39304 2
39308 2
39309 1
39311 1
39315 1
39320 9
39326 5
39332 23
39335 6
39345 1
39350 9
39355 1
39357 9
39360 5
39368 9
39369 7
39376 1
39381 1
39383 6
39386 1
39395 2
39396 1
39401 1
39406 12
39408 11
39409 1
39415 2
39417 18
39419 1
39420 15
39422 15
39423 1
39428 3
39433 5
39438 2
39442 7
39443 2
39444 3
39449 1
39455 4
39468 1
39470 8
39471 15
39472 4
39478 1
39484 4
39488 4
39491 7
39494 5
39495 1
39497 3
39501 3
39503 4
39515 1
39521 7
39530 1
39536 3
39537 9
39553 2
39556 3
39560 8
39561 5
39572 1
39573 3
39577 6
39578 12
39580 2
39583 2
39584 20
39590 4
39608 1
39611 2
39616 3
39618 2
39619 9
39637 9
39638 2
39642 11
39648 2
39653 5
39655 8
39659 5
39660 8
39664 3
39671 3
39678 1
39693 2
39694 1
39695 1
39699 2
39709 19
39711 9
39723 4
39725 1
39728 1
39732 7
39733 7
39734 1
39750 3
39753 5
39754 3
39755 1
39757 1
39763 6
39778 1
39788 8
39790 19
39791 2
39796 4
39799 6
39802 2
39820 4
39822 3
39824 1
39830 4
39834 19
39836 15
39837 1
39841 7
39844 3
39852 4
39861 8
39864 2
39865 1
39875 8
39877 1
39878 16
39885 2
39889 3
39890 7
39893 2
39894 1
39903 3
39905 1
39909 14
39914 2
39917 2
39920 10
39921 1
39926 1
39927 4
39928 7
39931 11
39935 11
39936 2
39939 12
39948 3
39951 6
39952 11
39956 12
39960 1
39961 2
39962 6
39967 8
39972 7
39973 2
39974 8
39975 6
39976 1
39980 10
39983 2
39988 4
39989 1
39991 1
39992 6
39993 1
39998 6
40004 4
40005 1
40007 2
40010 12
40011 5
40014 1
40018 4
40023 3
40029 3
40031 1
40035 5
40036 10
40037 9
40043 13
40050 2
40067 4
40072 2
40080 1
40084 3
40089 4
40093 8
40094 12
40098 5
40101 3
40104 7
40113 5
40116 6
40117 4
40130 5
40131 1
40133 8
40135 1
40140 1
40144 2
40147 8
40148 7
40150 11
